 x y RA Dec SNR flag e1 e2 size
   978.092590       41.2865372       133.394028      -4.76653910       257.053345       0.00000000       3.65109555E-02  -3.51776183E-02  0.268219411    
   1296.07971       155.101883       133.377502      -4.76078606       134.259155       0.00000000       3.24850045E-02  -4.05587889E-02  0.256560683    
   117.978348       355.527496       133.438446      -4.75029898       179.836288       0.00000000       4.49304357E-02  -2.29038745E-02  0.257344991    
   1690.99390       378.549225       133.356934      -4.74943638       122.926720       0.00000000       2.31441278E-02  -2.93075517E-02  0.254585564    
   187.401443       459.051544       133.434814      -4.74502373       119.105774       0.00000000       1.29813999E-02  -3.06999926E-02  0.266141951    
   613.192566       516.573914       133.412720      -4.74218225       1367.91785       0.00000000       2.83388644E-02  -2.36721132E-02  0.257079005    
   1313.55273       517.334595       133.376419      -4.74228144       117.620941       0.00000000       3.55117433E-02  -2.22539473E-02  0.261843055    
   685.597534       613.748718       133.408920      -4.73722792       442.850586       0.00000000       2.36383397E-02  -2.05170587E-02  0.262513191    
   193.092346       639.532837       133.434433      -4.73579454       223.181015       0.00000000       2.12683231E-02  -1.64532773E-02  0.256305426    
   1998.12329       754.982849       133.340836      -4.73023510       489.490845       0.00000000       2.60213595E-02  -2.96505690E-02  0.254635334    
   1020.64868       761.700439       133.391479      -4.72972679       560.088501       0.00000000       2.24858299E-02  -2.29221471E-02  0.260421306    
   1592.88647       774.371521       133.361832      -4.72918177       205.892166       0.00000000       2.17658840E-02  -2.82701515E-02  0.250238210    
   1454.26343       792.138306       133.369003      -4.72824955       410.553772       0.00000000       2.71046385E-02  -2.53099613E-02  0.253051758    
   1328.65942       874.539124       133.375473      -4.72400999       116.315865       0.00000000       1.90261230E-02  -2.37864275E-02  0.262263954    
   1829.22009       919.134521       133.349503      -4.72181034       645.162231       0.00000000       2.08006427E-02  -2.91515216E-02  0.257888705    
   1063.54395       915.276794       133.389191      -4.72187424       157.957382       0.00000000       1.57762952E-02  -3.08541171E-02  0.261193871    
   627.433350       924.487427       133.411804      -4.72131109       315.959290       0.00000000       1.12772482E-02  -1.56946629E-02  0.254837811    
   520.291199       950.213013       133.417343      -4.71996975       1016.72302       0.00000000       2.75276192E-02  -2.47903336E-02  0.257629991    
   1116.61597       991.112000       133.386414      -4.71800137       232.043793       0.00000000       2.28815991E-02  -2.61501987E-02  0.255183160    
   1889.54041       1017.95880       133.346329      -4.71676064       835.804810       0.00000000       2.29109023E-02  -3.14939804E-02  0.260202110    
   569.588013       1168.13000       133.414688      -4.70881653       1338.15845       0.00000000       2.94251498E-02  -2.23670620E-02  0.259615600    
   311.909821       1274.06458       133.428024      -4.70332479       274.386139       0.00000000       2.21969746E-02  -1.96080748E-02  0.271989644    
   1503.80884       1316.91443       133.366180      -4.70138025       136.187042       0.00000000       1.69232506E-02  -1.28505835E-02  0.248062924    
   166.877701       1329.97888       133.435516      -4.70042133       174.671173       0.00000000       1.50309429E-02  -2.05896776E-02  0.250635982    
   1610.16528       1352.91943       133.360657      -4.69955349       704.059753       0.00000000       2.40291841E-02  -2.21565887E-02  0.254438937    
   1738.81421       1359.89197       133.353973      -4.69921780       171.519638       0.00000000       2.12609489E-02  -2.98638772E-02  0.265841067    
   1337.32043       1390.66284       133.374786      -4.69756889       918.337341       0.00000000       2.07595713E-02  -2.57252846E-02  0.256882638    
   359.303619       1394.45679       133.425507      -4.69716263       924.815796       0.00000000       2.93074977E-02  -2.88461465E-02  0.253565460    
   301.650024       1424.78040       133.428482      -4.69559336       229.915298       0.00000000       2.50831023E-02  -2.57820692E-02  0.255984575    
   27.7775974       1527.05139       133.442657      -4.69027615       626.812622       0.00000000       3.16348560E-02  -2.40513328E-02  0.253986835    
   35.4918022       1645.85071       133.442215      -4.68418074       934.074280       0.00000000       2.70337034E-02  -2.54397579E-02  0.256072909    
   729.786682       1658.60754       133.406174      -4.68369627       216.293671       0.00000000       6.69050217E-03  -2.76574604E-02  0.254074752    
   1784.27979       1731.50110       133.351440      -4.68016434       517.060364       0.00000000       3.47349122E-02  -3.45014632E-02  0.255316287    
   1695.11829       1834.32507       133.356018      -4.67487049       286.845490       0.00000000       2.79198214E-02  -3.01088486E-02  0.253000081    
   1655.04346       1983.90112       133.358017      -4.66718245       199.291519       0.00000000       2.46501621E-02  -3.03125773E-02  0.250483841    
   1448.03162       2055.57837       133.368729      -4.66346121       213.712662       0.00000000       3.02800257E-02  -2.76995599E-02  0.257743716    
   965.142883       2074.37378       133.393784      -4.66239548       852.805237       0.00000000       2.82204803E-02  -2.60051619E-02  0.255599111    
   30.8955383       2101.60571       133.442276      -4.66076851       124.125961       0.00000000       1.60179734E-02   2.73771118E-03  0.245055974    
   2014.78162       2123.26880       133.339294      -4.66008615       577.636230       0.00000000       2.69919541E-02  -1.54253198E-02  0.254308969    
   1256.15002       2164.31323       133.378632      -4.65783501       222.531555       0.00000000       2.04268768E-02  -2.04838179E-02  0.252822727    
   1603.29907       2258.33765       133.360580      -4.65307093       309.144806       0.00000000       1.40764872E-02  -3.54065374E-02  0.265315980    
   1985.57678       2299.55322       133.340729      -4.65102196       574.866455       0.00000000       1.70622244E-02  -2.52679065E-02  0.253192931    
   1817.13562       2303.94507       133.349472      -4.65076590       708.639221       0.00000000       2.09445804E-02  -3.13688368E-02  0.256338567    
   1277.03967       2310.59009       133.377487      -4.65031958       1135.13293       0.00000000       2.08615735E-02  -2.89326869E-02  0.254160166    
   1468.15515       2301.02393       133.367569      -4.65084982       197.446976       0.00000000       3.31579857E-02  -1.54557610E-02  0.264264137    
   1786.89648       2299.51758       133.351044      -4.65098810       104.433586       0.00000000      0.112271369      -4.40959297E-02  0.254018456    
   1496.84863       2339.42944       133.366074      -4.64888096       371.907990       0.00000000       2.24925894E-02  -2.64068488E-02  0.253636420    
   536.689331       2346.62769       133.415909      -4.64829922       289.647369       0.00000000       3.12694646E-02  -2.48275455E-02  0.256439894    
   662.458984       2359.55054       133.409378      -4.64766502       953.296448       0.00000000       2.47382298E-02  -2.68337280E-02  0.256192327    
   1017.12933       2373.12109       133.390945      -4.64704800       683.569214       0.00000000       2.40988079E-02  -2.44630873E-02  0.255551666    
   393.201263       2369.84961       133.423355      -4.64706898       136.864761       0.00000000       3.79667133E-02  -3.08947656E-02  0.246325091    
   759.776489       2383.61401       133.404312      -4.64645004       442.402863       0.00000000       2.18839031E-02  -2.46497039E-02  0.254090667    
   1962.61096       2448.24951       133.341858      -4.64337254       336.516968       0.00000000       2.04629768E-02  -2.46715788E-02  0.256299466    
   38.7056694       2552.65649       133.441696      -4.63757038       473.519653       0.00000000       2.24795733E-02  -2.75463872E-02  0.252807200    
   390.967804       2551.06763       133.423386      -4.63774490       298.451874       0.00000000       3.12758572E-02  -2.59162337E-02  0.255830377    
   1740.84863       2594.63721       133.353287      -4.63580179       913.876648       0.00000000       2.01453436E-02  -2.87505537E-02  0.255377650    
   1871.41956       2653.78857       133.346481      -4.63278294       1244.50500       0.00000000       2.66296081E-02  -3.24091911E-02  0.256749243    
   1290.72864       2706.75562       133.376602      -4.62994099       779.720276       0.00000000       2.27841306E-02  -2.97453124E-02  0.252529591    
   1745.61633       2856.42871       133.352921      -4.62232876       132.349838       0.00000000       2.62876619E-02  -1.73699576E-02  0.251249224    
   1686.11621       2865.70386       133.356003      -4.62183952       200.147476       0.00000000       2.96117831E-02  -3.47446613E-02  0.253922462    
   1230.93457       2902.78418       133.379623      -4.61983490       576.410095       0.00000000       2.29441728E-02  -2.32608877E-02  0.254766524    
   1955.33167       2901.09277       133.342010      -4.62006950       603.078369       0.00000000       1.67742074E-02  -3.11053637E-02  0.253652036    
   499.685913       2919.61646       133.417587      -4.61879635       380.536163       0.00000000       4.39949408E-02  -1.57116521E-02  0.266668856    
   1465.52075       2940.34106       133.367416      -4.61795092       707.390930       0.00000000       2.36290805E-02  -2.54378505E-02  0.256637961    
   1917.27234       3007.01733       133.343948      -4.61460781       785.417175       0.00000000       2.29462478E-02  -2.59260423E-02  0.252990842    
   819.277466       3011.24243       133.400955      -4.61415434       356.758789       0.00000000       1.80159509E-02  -2.39939503E-02  0.257687330    
   1746.37402       3058.56250       133.352783      -4.61191940       633.510742       0.00000000       2.24521086E-02  -2.98527088E-02  0.252295971    
   1023.48163       3078.77124       133.390320      -4.61072254       1265.37561       0.00000000       2.63334718E-02  -2.24274453E-02  0.253646046    
   1773.08508       3159.10034       133.351364      -4.60674477       768.356201       0.00000000       2.08565313E-02  -2.46891864E-02  0.253704250    
   1200.31665       3191.02051       133.381088      -4.60497808       130.582230       0.00000000       4.14169841E-02  -2.37876736E-02  0.253087670    
   431.114349       3232.80420       133.421036      -4.60263872       592.292908       0.00000000       2.15922110E-02  -1.97289232E-02  0.253065735    
   1727.36365       3228.46680       133.353699      -4.60316133       172.225815       0.00000000       4.83699366E-02  -2.55440418E-02  0.249199241    
   273.057831       3273.76123       133.429230      -4.60048580       140.936691       0.00000000       3.75831723E-02  -5.92307467E-03  0.265636981    
   1324.66650       3283.55054       133.374588      -4.60023642       277.473602       0.00000000       1.93671789E-02  -2.95495130E-02  0.265109479    
   51.6763191       3295.88843       133.440735      -4.59928513       602.232361       0.00000000       2.78146658E-02  -1.95904411E-02  0.254133672    
   1034.36658       3305.14185       133.389648      -4.59905720       146.321198       0.00000000       1.80363618E-02   1.15107675E-03  0.271087706    
   411.439026       3391.06738       133.421997      -4.59447336       430.799347       0.00000000       2.62620505E-02  -1.66746024E-02  0.252725452    
   1429.79944       3526.43994       133.369019      -4.58773565       223.766068       0.00000000       2.33071297E-02  -2.21403576E-02  0.252871186    
   817.031433       3590.68237       133.400833      -4.58427906       242.946426       0.00000000       2.75954902E-02  -1.75921917E-02  0.253235281    
   808.424316       4092.32861       133.401077      -4.55838108       429.103241       0.00000000       3.03431563E-02  -2.18560938E-02  0.252869248    
   955.757385       3941.05566       133.393478      -4.56622934       220.368179       0.00000000       2.73082312E-02  -1.77687984E-02  0.261850119    
   501.174286       3784.57495       133.417175      -4.57419300       921.504639       0.00000000       2.81528868E-02  -2.07462367E-02  0.256245524    
   561.977356       3791.71509       133.414001      -4.57384014       179.810318       0.00000000       3.40324603E-02  -1.10835480E-02  0.254615366    
   1750.38562       4107.74121       133.352112      -4.55780745       102.497467       0.00000000       4.26498614E-02  -1.33276600E-02  0.248393491    
   1291.93201       3810.68188       133.376053      -4.57303953       1173.28503       0.00000000       2.40822714E-02  -2.09213365E-02  0.253936231    
   1609.64392       3810.38379       133.359558      -4.57312632       197.197357       0.00000000       2.71759555E-02  -2.43043154E-02  0.255172521    
   858.961304       4510.44580       133.398270      -4.53678894       1170.66919       0.00000000       2.93542258E-02  -1.59753766E-02  0.253252655    
   109.024338       3681.41968       133.437607      -4.57941198       289.083099       0.00000000       2.94831488E-02  -1.56742074E-02  0.255762458    
   1021.06482       3756.53687       133.390152      -4.57577038       837.431458       0.00000000       2.91200578E-02  -1.56070534E-02  0.253751338    
   994.602844       4570.01025       133.391205      -4.53374434       1351.48535       0.00000000       3.14839147E-02  -1.40010025E-02  0.253826767    
   1426.28052       4273.15820       133.368881      -4.54919052       453.805695       0.00000000       3.02717462E-02  -1.51532749E-02  0.252990335    
   1654.27136       3708.76050       133.357285      -4.57837963       409.869629       0.00000000       1.86302885E-02  -3.35178226E-02  0.258676648    
   1189.28687       3676.44678       133.381454      -4.57994270       102.181282       0.00000000       1.95649005E-02  -2.36147605E-02  0.261724830    
   658.922302       3681.09937       133.409012      -4.57957411       593.791626       0.00000000       3.11328992E-02  -1.54268565E-02  0.254143298    
   1541.11023       3884.53296       133.363083      -4.56928444       282.927002       0.00000000       1.28159029E-02  -4.74189874E-03  0.263840795    
   44.0149384       4504.24023       133.440674      -4.53689003       240.482407       0.00000000       2.80397199E-02  -3.99429211E-03  0.254073083    
   1579.25061       3914.65210       133.361084      -4.56773806       132.946609       0.00000000       1.08375149E-02  -2.14019641E-02  0.254156023    
   1727.01880       4338.47021       133.353226      -4.54588556       238.689911       0.00000000       1.99554898E-02  -2.01394632E-02  0.255346835    
   1987.66760       4210.25928       133.339752      -4.55256510       150.558319       0.00000000       7.75079010E-03  -1.18109584E-02  0.254266560    
   1773.54858       4280.85938       133.350830      -4.54887199       693.748291       0.00000000       2.92960275E-02  -2.16766987E-02  0.252705246    
   538.749146       4094.34692       133.415100      -4.55820704       207.363007       0.00000000       3.07315402E-02  -1.08432556E-02  0.252912909    
   1589.54199       4094.43701       133.360474      -4.55845833       524.514832       0.00000000       2.69439407E-02  -1.71149410E-02  0.253083289    
   1134.04138       4061.31982       133.384155      -4.56006241       175.091660       0.00000000       4.10701670E-02  -1.93222892E-02  0.251496673    
   372.546753       4060.62085       133.423752      -4.55990505       122.763435       0.00000000       2.17245258E-02  -2.78587174E-03  0.257590383    
   1517.88916       3983.30298       133.364243      -4.56418037       229.054596       0.00000000       3.31164300E-02  -1.72654018E-02  0.249899894    
