 x y RA Dec SNR flag e1 e2 size
   1697.86816       167.500549       133.464554      -4.50065565       148.128540       0.00000000       2.24024653E-02  -2.80889310E-03  0.254071683    
   894.008728       237.636826       133.506378      -4.49676275       834.105591       0.00000000       3.25795896E-02  -9.42006335E-03  0.256586432    
   858.885010       283.378418       133.508194      -4.49438238       476.519073       0.00000000       3.13748010E-02  -1.38448458E-02  0.252036422    
   813.544800       406.967255       133.510513      -4.48796749       671.446350       0.00000000       3.47274207E-02  -1.00008426E-02  0.257207572    
   1181.98767       412.600586       133.491333      -4.48779917       150.294235       0.00000000       5.72431413E-03  -3.31538869E-03  0.258729666    
   1432.27686       426.223755       133.478287      -4.48717499       642.250916       0.00000000       3.27658989E-02  -7.67272105E-03  0.254320711    
   1741.02722       459.061401       133.462204      -4.48557234       128.101364       0.00000000       4.30613831E-02  -1.15628308E-02  0.252551794    
   1174.67688       496.016663       133.491684      -4.48347616       470.085205       0.00000000       3.15625034E-02  -8.41573440E-03  0.253814936    
   876.982666       512.888855       133.507172      -4.48250294       954.208679       0.00000000       3.18548866E-02  -8.85986071E-03  0.253843397    
   294.352325       522.078674       133.537506      -4.48182344       322.984558       0.00000000       3.29740383E-02  -8.86829454E-04  0.257453740    
   1637.51318       550.284851       133.467560      -4.48081493       122.823807       0.00000000       3.58897448E-02  -2.52350774E-02  0.248517334    
   393.062195       563.043457       133.532349      -4.47973728       173.695862       0.00000000       3.27167995E-02  -2.04290692E-02  0.260586828    
   1845.63147       571.813416       133.456726      -4.47976494       491.201141       0.00000000       2.67596077E-02  -9.94527619E-03  0.254496217    
   679.025635       594.038208       133.517456      -4.47823191       275.088440       0.00000000       3.71232815E-02  -2.23890319E-02  0.256166011    
   1963.25049       602.137207       133.450592      -4.47823000       666.544678       0.00000000       2.98097227E-02  -6.34184107E-03  0.253470868    
   1712.44592       733.104614       133.463593      -4.47136688       173.039978       0.00000000       3.32808271E-02  -5.02441730E-03  0.252987027    
   271.456116       784.119934       133.538605      -4.46824026       430.519226       0.00000000       3.21429670E-02  -8.20718985E-03  0.254005879    
   847.712830       802.401001       133.508606      -4.46749353       138.063431       0.00000000       2.70537958E-02  -1.12781916E-02  0.254559368    
   1811.45129       830.883728       133.458405      -4.46633148       510.574432       0.00000000       3.52726988E-02  -8.59784894E-03  0.255102724    
   931.581909       950.774536       133.504181      -4.45983219       404.258942       0.00000000       2.91966610E-02  -1.12282820E-02  0.255765766    
   545.588135       971.809021       133.524277      -4.45861006       211.086075       0.00000000       4.30169776E-02   1.46001112E-03  0.248999715    
   218.081818       987.890137       133.541321      -4.45766115       155.520187       0.00000000       1.83884799E-02  -1.35061387E-02  0.254999667    
   1284.62903       991.724365       133.485779      -4.45782709       176.560745       0.00000000       3.61811034E-02  -2.40544025E-02  0.254493266    
   881.099121       995.417542       133.506790      -4.45750141       172.757614       0.00000000       3.23338397E-02  -1.09647987E-02  0.255091131    
   914.550659       1011.08832       133.505051      -4.45670033       574.085876       0.00000000       3.58400382E-02  -1.51361963E-02  0.255185723    
   1422.12488       1046.98730       133.478607      -4.45500708       849.670715       0.00000000       3.23280953E-02  -7.23833870E-03  0.254346669    
   333.006256       1055.81201       133.535324      -4.45418119       416.635193       0.00000000       2.91149877E-02  -1.23311998E-02  0.259501576    
   1700.68359       1128.81592       133.464066      -4.45085382       1007.50000       0.00000000       4.24778014E-02  -1.71382595E-02  0.253685564    
   1260.16602       1112.78308       133.487015      -4.45154333       150.842712       0.00000000       4.63750921E-02  -1.06132599E-02  0.245523751    
   376.123322       1141.72949       133.533051      -4.44974232       205.290665       0.00000000       2.43762061E-02  -3.48766195E-03  0.254435211    
   1034.82715       1191.69702       133.498718      -4.44737720       564.363281       0.00000000       3.08633372E-02  -1.33336261E-02  0.258443624    
   1597.22583       1244.81689       133.469421      -4.44480705       200.810867       0.00000000       3.60717550E-02  -3.02448049E-02  0.252952129    
   864.390381       1245.20972       133.507584      -4.44454527       110.443466       0.00000000       2.93367449E-02  -8.81389529E-03  0.257171720    
   178.224579       1269.54688       133.543304      -4.44304514       1315.16760       0.00000000       3.23342718E-02  -9.57226288E-03  0.254195184    
   454.286194       1280.89771       133.528931      -4.44255400       219.679977       0.00000000       3.08915302E-02  -8.31013825E-03  0.262178302    
   313.755951       1354.56323       133.536224      -4.43868494       1196.38843       0.00000000       3.22437882E-02  -1.07265506E-02  0.258219153    
   104.076546       1346.70374       133.547150      -4.43901777       310.781433       0.00000000       3.64147238E-02  -2.92578200E-03  0.254123926    
   415.091339       1370.48145       133.530945      -4.43789482       105.563828       0.00000000       6.61475258E-03  -1.74779650E-02  0.267502487    
   370.477936       1403.37451       133.533249      -4.43617344       1116.36719       0.00000000       3.51045392E-02  -9.43394098E-03  0.256850660    
   1842.31604       1432.19910       133.456589      -4.43516731       163.922165       0.00000000       4.42794524E-02  -8.69205222E-03  0.260249168    
   579.490723       1493.04541       133.522339      -4.43159533       185.955826       0.00000000       4.10248302E-02   2.83143087E-03  0.255981833    
   201.841827       1560.31824       133.541977      -4.42797375       976.141235       0.00000000       3.79648060E-02  -1.15568386E-02  0.253843218    
   889.457336       1571.28784       133.506165      -4.42764235       256.689026       0.00000000       2.36408226E-02  -1.27916867E-02  0.250098258    
   615.846985       1605.45923       133.520401      -4.42577648       261.869415       0.00000000       3.34072299E-02   3.29125160E-03  0.256392688    
   847.487000       1680.65698       133.508316      -4.42195463       229.975662       0.00000000       3.42376865E-02   4.57082735E-03  0.258052379    
   1195.47046       1683.78394       133.490189      -4.42190838       188.100250       0.00000000       2.67609097E-02  -4.57987003E-03  0.256254971    
   611.778503       1739.19812       133.520569      -4.41883659       224.537537       0.00000000       4.18177135E-02  -1.84097867E-02  0.258792490    
   380.745453       1794.00476       133.532593      -4.41591358       321.270599       0.00000000       3.93668041E-02  -1.24519421E-02  0.254184008    
   330.717987       1855.67993       133.535172      -4.41269588       192.554489       0.00000000       4.29849215E-02   2.38515553E-03  0.254596800    
   716.276306       1865.72620       133.515091      -4.41230774       547.853027       0.00000000       3.45712528E-02  -5.26052108E-03  0.257110298    
   515.049500       1863.67346       133.525574      -4.41234493       152.390518       0.00000000       4.09814157E-02  -1.34479208E-02  0.257543325    
   1116.94385       1884.46277       133.494217      -4.41146994       999.128662       0.00000000       3.81947309E-02  -6.02440210E-03  0.255952448    
   332.632294       1877.94336       133.535065      -4.41154146       190.397186       0.00000000       3.06810848E-02  -9.44832992E-03  0.264183611    
   1848.34521       1918.61780       133.456100      -4.40993500       146.441727       0.00000000       3.53194959E-02  -9.05984174E-03  0.261690170    
   1667.65930       1943.83728       133.465500      -4.40856886       306.180573       0.00000000       4.07301188E-02  -9.76129062E-03  0.257589161    
   127.769066       1990.72046       133.545700      -4.40561724       756.807434       0.00000000       3.72956321E-02  -7.06631597E-03  0.254479587    
   1721.36792       1998.65283       133.462692      -4.40574121       151.838699       0.00000000       4.86569926E-02  -1.70649737E-02  0.261242956    
   1149.43896       2053.63379       133.492462      -4.40270138       104.768456       0.00000000       4.91812080E-02   5.40096778E-03  0.261268437    
   1663.63586       2125.07153       133.465652      -4.39916182       340.206177       0.00000000       2.89955214E-02  -7.93028250E-03  0.256447792    
   27.2799969       2150.17456       133.550888      -4.39730644       381.471008       0.00000000       2.92927586E-02  -3.09747900E-03  0.264075786    
   385.164520       2158.24194       133.532242      -4.39701271       109.757980       0.00000000       3.21493298E-02  -1.77879650E-02  0.264066428    
   979.208313       2176.57349       133.501282      -4.39626360       177.408295       0.00000000       4.40368205E-02  -8.01446289E-03  0.252798706    
   61.2451172       2188.28711       133.549103      -4.39533997       608.134460       0.00000000       3.16898227E-02  -1.55274197E-02  0.258146554    
   1759.40430       2227.20801       133.460617      -4.39389133       102.996338       0.00000000       3.62666100E-02   4.77616908E-03  0.259950966    
   687.004822       2228.20361       133.516495      -4.39348507       108.689926       0.00000000       3.67931649E-02  -1.46942735E-02  0.260997862    
   719.877686       2242.78857       133.514771      -4.39273882       385.888092       0.00000000       4.13984284E-02  -5.22392383E-03  0.255629331    
   1780.85474       2241.62720       133.459503      -4.39314938       332.037262       0.00000000       3.02265994E-02  -8.33629351E-03  0.253648937    
   1065.56311       2276.02295       133.496750      -4.39112997       248.175354       0.00000000       3.68732251E-02  -2.03811117E-02  0.260277927    
   1145.08081       2364.21948       133.492584      -4.38657808       859.009094       0.00000000       4.14210707E-02  -6.48567127E-03  0.255088776    
   736.790527       2370.94971       133.513840      -4.38609171       627.387207       0.00000000       3.90995182E-02  -7.65213603E-03  0.257532507    
   1549.94446       2423.68750       133.471466      -4.38362360       831.030029       0.00000000       3.64823043E-02  -1.40670603E-02  0.257602394    
   1573.86792       2434.28369       133.470215      -4.38308144       391.915741       0.00000000       4.60028611E-02   1.30029162E-03  0.255772293    
   1015.72235       2463.31177       133.499283      -4.38139009       574.584595       0.00000000       3.61186266E-02  -1.76619813E-02  0.256441802    
   916.489502       2462.45044       133.504456      -4.38140154       127.510666       0.00000000       1.61311701E-02   1.49515760E-03  0.257995933    
   462.086639       2495.48804       133.528122      -4.37953186       749.319153       0.00000000       3.74960490E-02   1.51425149E-04  0.256042719    
   993.466064       2505.26929       133.500427      -4.37920427       220.496628       0.00000000       2.52124909E-02  -6.01700787E-03  0.255350292    
   1195.19373       2530.82397       133.489914      -4.37794447       319.715088       0.00000000       5.17780967E-02  -6.31348835E-03  0.255780071    
   285.551636       2606.44897       133.537277      -4.37370968       530.457275       0.00000000       3.65874469E-02  -1.95273268E-03  0.254231274    
   262.311096       2715.15894       133.538452      -4.36805677       432.352081       0.00000000       3.69733535E-02  -4.50746296E-03  0.264031559    
   314.194733       2749.22046       133.535736      -4.36630583       620.822510       0.00000000       4.76755463E-02  -3.01718037E-03  0.255635083    
   492.265167       2819.76050       133.526428      -4.36270380       889.639038       0.00000000       3.83783393E-02  -3.82956257E-03  0.256635845    
   874.594910       2971.59473       133.506470      -4.35494757       233.548172       0.00000000       3.43590640E-02   7.41086667E-03  0.267356694    
   232.129578       2977.29541       133.539932      -4.35443306       492.718445       0.00000000       4.15829904E-02   7.73193678E-05  0.256323636    
   115.731346       3033.96924       133.545975      -4.35144901       619.115906       0.00000000       4.59047258E-02  -6.48546731E-03  0.255492479    
   1135.75854       3062.96460       133.492828      -4.35028934       1109.19568       0.00000000       4.26136516E-02  -1.01795206E-02  0.259156585    
   454.673431       3112.66309       133.528290      -4.34747839       830.079041       0.00000000       3.72911468E-02  -3.82251386E-03  0.257222265    
   842.167664       3199.55029       133.508072      -4.34309626       169.026779       0.00000000       6.00014180E-02  -6.77981370E-05  0.251538604    
   1514.95959       3216.58130       133.473007      -4.34243536       198.497177       0.00000000       6.00930564E-02  -3.58393299E-03  0.258718342    
   1818.52319       3227.03198       133.457199      -4.34199238       399.663513       0.00000000       4.01263908E-02  -1.13869896E-02  0.262433589    
   1586.48999       3227.29932       133.469284      -4.34190273       424.950073       0.00000000       3.95941809E-02  -1.71138241E-03  0.256047308    
   979.251404       3355.89746       133.500885      -4.33502054       175.976105       0.00000000       2.36436259E-02  -9.89682085E-05  0.256201744    
   704.606018       3359.46509       133.515182      -4.33474255       229.951584       0.00000000       3.81386951E-02   7.39279378E-04  0.257423103    
   846.562500       3394.32373       133.507782      -4.33297968       149.996124       0.00000000       3.41920741E-02  -2.35509574E-02  0.260108232    
   1107.98364       3451.30713       133.494141      -4.33010674       359.646271       0.00000000       4.99978624E-02  -1.44014694E-02  0.258674353    
   1201.55334       3488.28760       133.489258      -4.32821655       537.264832       0.00000000       3.97511609E-02  -6.48668269E-03  0.259477824    
   1553.96973       3525.69019       133.470871      -4.32639074       269.236145       0.00000000       3.59248817E-02  -1.10649709E-02  0.259974927    
   1908.27002       3523.84912       133.452423      -4.32660341       265.663177       0.00000000       4.01730426E-02  -7.61669129E-03  0.257636935    
   223.182053       3584.68896       133.540192      -4.32287836       663.897766       0.00000000       4.32226546E-02  -5.19321067E-03  0.261166960    
   701.294006       4304.76855       133.515030      -4.28562593       547.604980       0.00000000       4.18029390E-02   1.72465248E-03  0.262095243    
   290.776520       4202.95557       133.536453      -4.29077768       552.205933       0.00000000       4.42347005E-02  -1.03342384E-02  0.258956730    
   1619.63074       4196.23047       133.467224      -4.29157400       313.770416       0.00000000       3.72321680E-02  -5.56257647E-03  0.256504297    
   489.170074       3855.60181       133.526245      -4.30889320       243.030151       0.00000000       4.87075560E-02  -6.07593358E-03  0.256346911    
   1043.29321       3844.23193       133.497375      -4.30967045       999.118225       0.00000000       5.19055724E-02  -4.37229499E-03  0.260790825    
   136.060196       4414.35156       133.544449      -4.27974081       652.746704       0.00000000       3.93135957E-02  -7.94298574E-03  0.256707996    
   1122.14917       4483.54053       133.493042      -4.27647781       706.832520       0.00000000       3.70435752E-02  -6.81511499E-03  0.263708860    
   457.646332       4552.89062       133.527649      -4.27265072       1179.99231       0.00000000       4.35486622E-02  -6.44937810E-03  0.256920069    
   838.529663       4431.20459       133.507843      -4.27910185       1050.17065       0.00000000       4.46267948E-02  -5.71483374E-03  0.256733477    
   1284.95618       4502.91064       133.484558      -4.27552605       348.742340       0.00000000       3.62626389E-02  -6.85008056E-03  0.256498814    
   887.245972       4390.81592       133.505310      -4.28121710       344.659180       0.00000000       4.67753783E-02  -8.24231538E-05  0.256617039    
   1905.83911       4211.59473       133.452301      -4.29087162       321.344574       0.00000000       2.84011103E-02  -1.48596112E-02  0.259668529    
   1560.51270       4443.15332       133.470215      -4.27872372       255.830658       0.00000000       4.28593159E-02  -1.77301858E-02  0.255383462    
   1187.20361       3738.33838       133.489914      -4.31522083       324.321106       0.00000000       4.32611629E-02  -1.68097741E-03  0.260507435    
   380.184753       4279.05762       133.531769      -4.28685331       114.219154       0.00000000       3.19366939E-02   3.66189075E-03  0.259337306    
   1714.95715       4034.65625       133.462311      -4.30000067       1029.74207       0.00000000       4.63229790E-02  -4.90311906E-03  0.261754870    
   1611.56702       4323.63477       133.467606      -4.28495121       332.847351       0.00000000       3.37440260E-02  -1.57023277E-02  0.261319906    
   1198.11047       3899.15991       133.489288      -4.30686855       220.417969       0.00000000       3.43173407E-02  -2.02835910E-02  0.262711823    
   243.606232       3858.21606       133.539032      -4.30867434       247.573044       0.00000000       4.71723564E-02  -4.60698223E-03  0.261251360    
   414.756165       3914.38135       133.530106      -4.30581427       100.348351       0.00000000       4.34328057E-02   3.86299542E-03  0.256622940    
   1610.04114       4044.71777       133.467773      -4.29944324       337.538849       0.00000000       4.64664809E-02  -9.39672068E-03  0.260638386    
