 x y RA Dec SNR flag e1 e2 size
   1658.29199       36.9020195       133.354645      -4.26630402       275.795013       0.00000000       3.69024649E-02  -1.21980468E-02  0.254636914    
   1871.97107       63.0110397       133.343521      -4.26501226       295.611633       0.00000000       3.75231579E-02  -1.27882622E-02  0.259941041    
   1974.45923       82.1077118       133.338181      -4.26405191       860.401672       0.00000000       3.19143496E-02  -1.13292048E-02  0.257786244    
   1194.62756       144.073822       133.378738      -4.26059771       199.600555       0.00000000       4.43619527E-02  -6.50404394E-03  0.266530424    
   1184.15820       167.781555       133.379272      -4.25936317       123.250687       0.00000000       3.32886390E-02  -1.38735892E-02  0.265565842    
   1142.62549       215.619904       133.381424      -4.25686550       1341.60217       0.00000000       3.47454883E-02  -7.01030437E-03  0.259093285    
   1107.92639       296.869202       133.383209      -4.25263453       1212.18518       0.00000000       3.88926864E-02  -9.22434125E-03  0.256573945    
   1842.23901       335.932098       133.344986      -4.25083017       805.160034       0.00000000       3.87273729E-02  -9.47338343E-03  0.256079495    
   454.052948       363.166168       133.417236      -4.24899054       288.894257       0.00000000       3.82095575E-02  -1.17522338E-02  0.258927763    
   1366.05786       372.368988       133.369751      -4.24879122       115.057053       0.00000000       9.54324845E-03  -1.02823777E-02  0.269921273    
   385.756683       424.960632       133.420776      -4.24575901       290.697266       0.00000000       4.22109105E-02  -8.90668016E-03  0.267991900    
   1130.04297       454.720215       133.382004      -4.24444151       585.235840       0.00000000       3.83724831E-02  -5.61011350E-03  0.257136971    
   493.741241       474.355438       133.415131      -4.24322605       541.913269       0.00000000       3.69696207E-02  -2.89203273E-03  0.255551726    
   229.680603       477.829071       133.428879      -4.24296427       666.047058       0.00000000       5.25703467E-02  -1.94486027E-04  0.259026110    
   1556.45410       513.125793       133.359802      -4.24153900       560.635376       0.00000000       3.39252166E-02  -1.42646236E-02  0.256933004    
   796.454956       568.893372       133.399338      -4.23840809       726.110535       0.00000000       3.87885459E-02  -9.97907203E-03  0.259364486    
   1666.47046       596.122192       133.354050      -4.23726273       410.655792       0.00000000       3.92708816E-02  -1.06187742E-02  0.258082926    
   1501.20435       625.044861       133.362640      -4.23570871       284.278564       0.00000000       4.64903824E-02  -1.39873726E-02  0.259180307    
   656.112610       686.524536       133.406616      -4.23225403       276.863342       0.00000000       3.44558582E-02   1.23119284E-03  0.258523852    
   206.224396       763.691467       133.430023      -4.22810459       143.628555       0.00000000       6.35073259E-02   2.32678792E-03  0.251354337    
   878.588074       771.262207       133.395004      -4.22792053       119.245964       0.00000000       3.41444425E-02   1.79415813E-03  0.260712326    
   1174.44482       876.718506       133.379578      -4.22253513       1092.91577       0.00000000       3.39581445E-02  -8.99310131E-03  0.262419432    
   691.261047       867.743835       133.404724      -4.22285080       332.397705       0.00000000       3.28637213E-02  -8.02920014E-03  0.254967391    
   373.496460       887.974426       133.421265      -4.22170019       528.120422       0.00000000       4.35695834E-02  -4.84503340E-03  0.257312834    
   308.010803       906.816223       133.424667      -4.22070074       214.108719       0.00000000       4.59389836E-02  -1.23736132E-02  0.254297078    
   1124.66846       949.165283       133.382141      -4.21875668       1043.74524       0.00000000       3.76857258E-02  -6.43724436E-03  0.258758098    
   1086.78528       960.067322       133.384109      -4.21817875       221.326431       0.00000000       3.79161537E-02  -5.69978403E-03  0.258319408    
   99.6927719       986.928589       133.435501      -4.21647310       118.306190       0.00000000       6.98656738E-02  -1.49717275E-02  0.257713765    
   706.482910       1025.72498       133.403885      -4.21464872       807.635010       0.00000000       4.24123704E-02  -1.05795497E-02  0.262833089    
   648.505005       1057.58691       133.406891      -4.21297550       231.379486       0.00000000       3.41854990E-02  -1.44498358E-02  0.261544555    
   1278.46289       1066.86560       133.374100      -4.21269178       188.033661       0.00000000       2.80311126E-02  -5.79766510E-03  0.266820312    
   1916.01599       1107.99622       133.340912      -4.21075964       375.692902       0.00000000       3.78612354E-02   8.01796617E-04  0.257480055    
   195.599457       1160.08032       133.430450      -4.20750809       922.378052       0.00000000       4.82667498E-02  -7.46042561E-03  0.256102562    
   303.080872       1174.36646       133.424850      -4.20679998       775.580139       0.00000000       4.50688861E-02  -6.49762945E-03  0.264498353    
   548.648438       1174.10400       133.412064      -4.20689154       529.145996       0.00000000       3.78065482E-02  -5.82855521E-03  0.257934839    
   1131.78198       1214.03857       133.381699      -4.20500183       233.526917       0.00000000       3.18643078E-02  -7.50031415E-03  0.268939614    
   1111.35254       1214.82666       133.382751      -4.20495462       121.009605       0.00000000       4.93854769E-02   5.65721421E-03  0.243775532    
   244.192215       1221.34033       133.427902      -4.20434093       131.140762       0.00000000       4.93173562E-02  -2.44021025E-02  0.254064351    
   1569.20435       1334.74255       133.358887      -4.19887400       281.996338       0.00000000       3.22518721E-02  -3.29699414E-03  0.256736070    
   1919.88477       1333.97205       133.340652      -4.19902802       107.919388       0.00000000       4.39895876E-02  -1.13963848E-02  0.251836598    
   638.522278       1363.94702       133.407333      -4.19705915       153.045624       0.00000000       2.69134380E-02  -5.41206496E-03  0.264679670    
   122.499008       1415.84583       133.434189      -4.19419909       274.678070       0.00000000       4.23254743E-02  -5.09070233E-03  0.259129524    
   1050.31909       1444.74402       133.385864      -4.19299459       1223.13318       0.00000000       4.37746197E-02  -7.92412087E-03  0.259772390    
   343.081818       1443.20312       133.422684      -4.19284821       642.757812       0.00000000       4.68523316E-02  -1.25714168E-02  0.257426322    
   954.940369       1498.98291       133.390808      -4.19014692       148.381851       0.00000000       4.79950719E-02  -4.17609653E-03  0.250687212    
   972.762207       1522.73181       133.389877      -4.18891954       174.059723       0.00000000       4.86730598E-02  -5.35106286E-03  0.256172240    
   1649.82495       1546.69360       133.354645      -4.18789482       501.749512       0.00000000       4.03021909E-02  -4.76791337E-03  0.265815139    
   1190.89880       1602.30884       133.378510      -4.18485737       104.191574       0.00000000       4.35922071E-02  -1.42187243E-02  0.265452176    
   1221.34375       1658.24756       133.376907      -4.18196297       660.881226       0.00000000       3.92984934E-02  -8.38593673E-03  0.265289247    
   428.984283       1667.22302       133.418152      -4.18124104       811.803528       0.00000000       4.82302345E-02  -4.12956066E-03  0.260374367    
   1603.77917       1699.87610       133.356995      -4.17992687       369.702271       0.00000000       4.02392969E-02  -1.25936689E-02  0.265430868    
   1168.11328       1730.23730       133.379654      -4.17820740       325.573364       0.00000000       3.17120589E-02  -3.30025330E-03  0.262205869    
   471.689331       1722.38818       133.415909      -4.17838955       123.433945       0.00000000       4.06906791E-02  -3.79322423E-03  0.264791757    
   1996.59290       1759.26489       133.336548      -4.17697477       277.339630       0.00000000       2.31253766E-02  -2.83143334E-02  0.266521275    
   1908.12488       1850.92810       133.341125      -4.17218685       235.065308       0.00000000       2.96502560E-02  -1.46928439E-02  0.258366168    
   542.587891       1861.50525       133.412170      -4.17118835       264.910492       0.00000000       3.19189578E-02  -6.22979831E-03  0.269111544    
   1949.23840       1924.30530       133.338959      -4.16839266       895.800842       0.00000000       3.59076187E-02  -1.25093395E-02  0.259156495    
   472.193665       2054.06030       133.415787      -4.16116762       116.361252       0.00000000       5.81293516E-02   1.50094526E-02  0.271052957    
   1137.87585       2076.40698       133.381134      -4.16022587       122.976830       0.00000000       4.87044863E-02  -4.61562769E-03  0.261315137    
   913.611145       2182.80518       133.392761      -4.15462828       319.443604       0.00000000       3.59815694E-02  -1.58282891E-02  0.257130802    
   990.962036       2277.74683       133.388718      -4.14972591       138.655045       0.00000000       2.51433048E-02  -1.91097539E-02  0.256514192    
   962.603760       2298.19312       133.390182      -4.14865541       305.621246       0.00000000       3.03056799E-02  -5.79737872E-03  0.265478998    
   1200.20410       2338.45605       133.377808      -4.14664459       639.531006       0.00000000       4.33813334E-02  -1.88208849E-03  0.260805815    
   1158.92810       2336.93896       133.379959      -4.14670944       343.458954       0.00000000       4.57668342E-02  -5.69172064E-03  0.257590771    
   180.884964       2431.84448       133.430847      -4.14145994       136.476852       0.00000000       5.45332097E-02  -3.80286505E-03  0.255486041    
   1017.78241       2455.28857       133.387268      -4.14052010       743.092834       0.00000000       3.62820886E-02  -1.29835848E-02  0.262645662    
   1828.23523       2454.44336       133.345108      -4.14084005       247.662903       0.00000000       4.23379168E-02   3.62942950E-03  0.259604305    
   1260.33435       2490.60181       133.374634      -4.13876915       137.471451       0.00000000       4.58664149E-02   1.21598616E-02  0.257634372    
   84.2856522       2505.17603       133.435852      -4.13762140       387.470917       0.00000000       4.58019562E-02  -3.39539209E-03  0.263495535    
   880.876343       2630.78027       133.394348      -4.13136768       1160.23486       0.00000000       4.17663045E-02  -5.12257870E-03  0.260008007    
   483.868317       2625.78979       133.415009      -4.13149405       149.206879       0.00000000       4.39179949E-02   9.73305758E-03  0.269819707    
   422.700958       2666.51660       133.418182      -4.12936020       268.007812       0.00000000       5.95320463E-02  -1.49012394E-02  0.260084450    
   1829.17688       2750.90381       133.344986      -4.12546110       750.210693       0.00000000       4.04210463E-02  -1.44195091E-02  0.258498818    
   1154.13733       2753.10889       133.380096      -4.12511253       972.638733       0.00000000       3.99055779E-02  -1.09970085E-02  0.265410900    
   25.8369904       2754.59375       133.438812      -4.12465763       278.585449       0.00000000       3.70554961E-02  -2.19646562E-02  0.258714676    
   1504.16235       2793.50244       133.361877      -4.12313795       146.550613       0.00000000       2.50436813E-02  -2.65400228E-03  0.266611010    
   405.074249       2821.92920       133.419052      -4.12129021       1379.94458       0.00000000       4.70212139E-02  -8.80979653E-03  0.262552679    
   281.136963       2882.79980       133.425491      -4.11809015       165.420456       0.00000000       5.11069037E-02  -1.92688797E-02  0.264682740    
   1596.05457       2905.62183       133.357071      -4.11735439       311.636536       0.00000000       3.69869135E-02  -1.28833838E-02  0.268744737    
   933.559265       2976.29370       133.391510      -4.11345959       733.558411       0.00000000       4.29387465E-02  -6.15826389E-03  0.257582247    
   1333.19885       3067.66479       133.370697      -4.10885859       203.988861       0.00000000       4.26025838E-02  -9.93023720E-03  0.257066101    
   137.132141       3121.68042       133.432922      -4.10564995       307.565186       0.00000000       4.14528549E-02  -8.50940123E-03  0.259330988    
   219.783020       3167.32300       133.428604      -4.10331011       178.762405       0.00000000       6.27081171E-02  -1.05927149E-02  0.261519462    
   1984.62329       3174.40747       133.336807      -4.10355568       141.819611       0.00000000       2.70596966E-02  -1.11971619E-02  0.285335481    
   1741.71033       3220.58765       133.349411      -4.10107374       292.291656       0.00000000       3.09368204E-02  -1.12880412E-02  0.262797207    
   1634.74487       3230.94604       133.354980      -4.10049820       145.238388       0.00000000       4.84458953E-02  -3.02417483E-03  0.257487506    
   1439.81592       3288.81055       133.365097      -4.09742880       302.332184       0.00000000       4.77973819E-02  -6.32499577E-03  0.254623920    
   57.9902573       3358.35889       133.436966      -4.09334803       847.157410       0.00000000       4.26177718E-02  -1.20127667E-02  0.258351892    
   212.441696       3408.53101       133.428925      -4.09079838       144.474396       0.00000000       5.23765869E-02  -8.85146670E-03  0.260534137    
   1311.22412       3465.72363       133.371735      -4.08821201       367.959656       0.00000000       3.80594432E-02  -9.07416642E-03  0.258114994    
   499.330658       3475.78247       133.413971      -4.08740902       511.928467       0.00000000       3.67980711E-02  -7.22811604E-03  0.266652405    
   1180.91223       3591.95020       133.378479      -4.08162355       127.479225       0.00000000       3.52973416E-02  -1.83810443E-02  0.287795305    
   687.533569       4526.42432       133.403900      -4.03304625       168.313263       0.00000000       4.14210148E-02  -1.13790184E-02  0.265646279    
   1755.93640       4007.84399       133.348495      -4.06028509       1004.72369       0.00000000       3.64522301E-02  -1.44172143E-02  0.262759507    
   396.122101       3788.42822       133.419250      -4.07116795       995.758850       0.00000000       4.18656059E-02  -1.47915231E-02  0.262606233    
   1145.80066       3677.98389       133.380280      -4.07715225       1291.43140       0.00000000       4.45127264E-02  -5.19316178E-03  0.259171188    
   1924.49951       4190.79785       133.339691      -4.05087566       1368.82239       0.00000000       3.14108767E-02  -2.14006621E-02  0.259821862    
   1195.67712       3743.25415       133.377670      -4.07378769       390.031677       0.00000000       4.02044840E-02  -8.38789064E-03  0.257559001    
   1511.80518       4339.42773       133.361099      -4.04302549       117.628632       0.00000000       2.74339151E-02  -2.87930556E-02  0.259951890    
   1869.39465       3906.47021       133.342621      -4.06557798       229.869858       0.00000000       3.27677689E-02  -6.64657447E-04  0.257881582    
   1496.66162       3749.55054       133.362030      -4.07356977       115.843880       0.00000000       3.16325352E-02  -3.92087828E-03  0.272440642    
   1456.12488       3717.16089       133.364136      -4.07523298       478.620850       0.00000000       4.31118682E-02  -1.10521615E-02  0.258406401    
   603.241760       3689.81177       133.408508      -4.07635021       134.821869       0.00000000       5.66501543E-02  -2.63835564E-02  0.260906339    
   220.878952       3741.44238       133.428391      -4.07354307       124.592239       0.00000000       3.56497802E-02  -1.48398941E-02  0.266800582    
   1888.79443       3673.43335       133.341660      -4.07765722       112.898758       0.00000000       3.21605988E-02  -2.50858441E-02  0.252973974    
   253.280472       3689.50513       133.426712      -4.07624578       113.309906       0.00000000       5.81720434E-02  -1.15722017E-02  0.254629910    
   1101.29688       4580.52930       133.382370      -4.03039503       182.020035       0.00000000       3.87130268E-02  -1.93953384E-02  0.262025088    
   801.641296       4484.91699       133.397980      -4.03523540       1209.86462       0.00000000       3.67259048E-02  -9.04355571E-03  0.262937844    
   513.552979       4245.17676       133.413025      -4.04754639       265.134949       0.00000000       2.48808749E-02  -1.08291665E-02  0.258842647    
   1994.03796       4272.16406       133.336060      -4.04669046       386.062042       0.00000000       3.30893956E-02  -2.11486164E-02  0.259391218    
   970.809631       4263.06396       133.389236      -4.04678154       711.617554       0.00000000       3.66375484E-02  -1.38186794E-02  0.259573460    
   1851.08533       4165.87939       133.343506      -4.05213785       127.805496       0.00000000       3.83941643E-02  -1.88107491E-02  0.285044253    
   1672.50427       4078.73804       133.352814      -4.05658293       1545.00928       0.00000000       3.11900936E-02  -1.48905236E-02  0.263345450    
   834.488586       4070.22119       133.396378      -4.05672026       334.906525       0.00000000       4.49144989E-02  -1.12604899E-02  0.262586594    
   48.8087807       3842.89819       133.437317      -4.06822634       1402.85864       0.00000000       4.72675636E-02  -1.12070460E-02  0.261479586    
