 x y RA Dec SNR flag e1 e2 size
   1114.50500       32.7181625       133.163193      -4.26747513       219.341125       0.00000000       1.84214618E-02  -2.61542555E-02  0.261386663    
   1802.05249       49.1753197       133.127655      -4.26682091       525.948242       0.00000000       2.09819321E-02  -3.15997712E-02  0.260552883    
   1852.03528       108.953423       133.125061      -4.26373911       590.852966       0.00000000       1.99373439E-02  -2.68315263E-02  0.263859719    
   1748.28564       127.809334       133.130417      -4.26273203       816.736328       0.00000000       2.60343198E-02  -3.41933593E-02  0.264563590    
   1314.22131       143.374786       133.152832      -4.26179886       542.812439       0.00000000       1.58979110E-02  -3.02420110E-02  0.261287361    
   1170.48230       188.322800       133.160248      -4.25942707       895.930969       0.00000000       2.02881861E-02  -3.31751257E-02  0.264570832    
   676.844910       216.722305       133.185776      -4.25780916       236.515213       0.00000000       4.82329987E-02  -5.37972301E-02  0.259938121    
   1097.35193       260.181549       133.164017      -4.25568151       916.061218       0.00000000       2.11595614E-02  -3.12135424E-02  0.264035404    
   580.882202       283.956268       133.190735      -4.25429440       628.988403       0.00000000       2.11402066E-02  -2.56374422E-02  0.258472353    
   1344.05396       351.171753       133.151230      -4.25103998       792.919434       0.00000000       2.19313260E-02  -2.73322836E-02  0.261491299    
   1405.75903       348.113098       133.148041      -4.25121689       382.870544       0.00000000       2.72938069E-02  -2.64369063E-02  0.258651614    
   652.824951       381.643982       133.186981      -4.24925137       878.151917       0.00000000       2.04151049E-02  -2.87504140E-02  0.258116841    
   674.459961       397.287109       133.185852      -4.24844694       184.431763       0.00000000       2.35369690E-02  -2.77541280E-02  0.266388506    
   603.724487       536.274536       133.189468      -4.24121952       195.558685       0.00000000       2.86131054E-02  -2.58862283E-02  0.264409333    
   1357.60254       567.117493       133.150467      -4.23985434       1138.06543       0.00000000       2.13366114E-02  -2.28031483E-02  0.266935378    
   1032.30298       637.940002       133.167267      -4.23608255       120.698868       0.00000000       3.33382860E-02  -3.99067029E-02  0.257768154    
   1149.17639       655.918274       133.161224      -4.23518753       755.089417       0.00000000       2.26956923E-02  -2.99651772E-02  0.263820559    
   280.074982       711.263855       133.206192      -4.23204422       1134.88794       0.00000000       2.01162193E-02  -3.79844271E-02  0.262725800    
   758.723633       707.531311       133.181396      -4.23238897       270.157135       0.00000000       6.36431528E-03  -2.93201506E-02  0.265086532    
   1334.78284       721.940491       133.151611      -4.23182487       219.203827       0.00000000       1.72438882E-02  -3.81886885E-02  0.267248541    
   491.828339       780.440247       133.195206      -4.22852468       161.572708       0.00000000       3.21599953E-02  -2.42261421E-02  0.265713751    
   1655.69751       804.425537       133.135010      -4.22765398       146.750504       0.00000000      -4.25418280E-03  -2.59934831E-02  0.263657808    
   157.766235       842.919678       133.212494      -4.22517776       630.755249       0.00000000       2.44651716E-02  -2.73997914E-02  0.260245681    
   1234.30774       887.301025       133.156754      -4.22322416       905.163025       0.00000000       1.80554260E-02  -3.22845802E-02  0.262754053    
   1522.96057       920.532410       133.141830      -4.22159624       206.001877       0.00000000       1.16044162E-02  -4.38836813E-02  0.259647697    
   962.753723       983.708923       133.170776      -4.21813965       1209.94946       0.00000000       2.17992719E-02  -3.00819445E-02  0.264615983    
   992.357910       1026.20032       133.169235      -4.21594667       795.662842       0.00000000       1.74680538E-02  -4.64667007E-02  0.264632881    
   1522.42993       1084.49707       133.141815      -4.21310186       1578.89124       0.00000000       1.80566683E-02  -3.46784629E-02  0.264322162    
   963.043213       1073.55615       133.170731      -4.21348286       119.890800       0.00000000       1.86831560E-02  -2.67170500E-02  0.265201539    
   1145.89783       1082.46472       133.161285      -4.21308184       207.450424       0.00000000       1.95813738E-02  -3.41716297E-02  0.269583195    
   394.698120       1084.48108       133.200150      -4.21272850       361.797424       0.00000000       3.29863653E-02  -3.26161571E-02  0.259757012    
   1205.86890       1119.10425       133.158173      -4.21120310       289.173126       0.00000000       5.53021347E-03  -4.61425371E-02  0.257861406    
   290.751282       1281.29492       133.205475      -4.20248938       193.093750       0.00000000       2.46860720E-02  -3.24525647E-02  0.265617758    
   1923.42029       1323.24097       133.121063      -4.20087290       836.342712       0.00000000       8.57912935E-03  -3.11229546E-02  0.261365056    
   1534.09875       1314.82495       133.141159      -4.20117474       178.670288       0.00000000       1.55340210E-02  -4.73680906E-02  0.266483516    
   682.760193       1348.97327       133.185165      -4.19911385       1309.11926       0.00000000       2.11584829E-02  -3.18293311E-02  0.263855159    
   121.793968       1355.20862       133.214218      -4.19859934       896.682739       0.00000000       2.44763549E-02  -2.57178042E-02  0.263281882    
   1536.67285       1363.19495       133.141022      -4.19866991       615.790588       0.00000000       1.32153397E-02  -3.00243273E-02  0.270260334    
   451.139801       1452.95178       133.197128      -4.19364452       262.761353       0.00000000       1.76848099E-02  -3.53175141E-02  0.261738211    
   1063.76233       1457.29773       133.165436      -4.19363070       100.414253       0.00000000       3.13119628E-02  -3.01974248E-02  0.267265946    
   1883.23828       1506.05432       133.123093      -4.19139290       781.045044       0.00000000       1.74499582E-02  -3.92415300E-02  0.264173269    
   1446.11108       1548.05078       133.145645      -4.18906307       392.929443       0.00000000       1.37652010E-02  -4.37311679E-02  0.259015054    
   469.501740       1566.71228       133.196152      -4.18775368       354.558655       0.00000000       2.51702107E-02  -2.48722844E-02  0.269197345    
   291.796173       1568.56702       133.205353      -4.18759584       510.041718       0.00000000       2.83465963E-02  -2.79741120E-02  0.262928516    
   199.792007       1623.74243       133.210114      -4.18470287       1416.14026       0.00000000       2.12688725E-02  -3.03214137E-02  0.263043344    
   741.483154       1629.02905       133.182068      -4.18461943       324.627930       0.00000000       1.60700660E-02  -3.58336903E-02  0.262430310    
   1131.66882       1675.39050       133.161880      -4.18235493       262.732452       0.00000000       2.40121186E-02  -4.61849310E-02  0.260003120    
   718.997681       1750.11072       133.183197      -4.17833614       556.174011       0.00000000       1.78054627E-02  -3.71237546E-02  0.261850059    
   1744.38477       1880.95813       133.130173      -4.17193174       1455.28674       0.00000000       1.77209713E-02  -3.30145992E-02  0.267010391    
   1338.64795       1925.47852       133.151123      -4.16947603       169.490540       0.00000000       1.53582748E-02  -3.40154432E-02  0.261396438    
   1065.88794       1957.83167       133.165207      -4.16769981       105.922707       0.00000000      -1.54636446E-02  -2.13540308E-02  0.278972238    
   1369.58997       1973.57141       133.149506      -4.16699696       240.045776       0.00000000       2.30788980E-02  -3.20619233E-02  0.269487917    
   916.495422       2017.08069       133.172928      -4.16457558       233.890289       0.00000000       3.30431722E-02  -3.33433524E-02  0.255897373    
   300.755066       2037.12219       133.204788      -4.16331100       400.310120       0.00000000       3.08957882E-02  -3.51140946E-02  0.263292640    
   1957.70972       2043.39661       133.119141      -4.16360331       298.872589       0.00000000       1.42415818E-02  -5.14408797E-02  0.258839786    
   1116.89514       2153.97266       133.162537      -4.15755939       151.283890       0.00000000      -8.44758283E-03  -2.79475283E-02  0.264411002    
   1801.41846       2188.29297       133.127167      -4.15604353       163.910217       0.00000000       9.47663188E-03  -2.98636053E-02  0.271138847    
   1062.79065       2193.14795       133.165314      -4.15551043       132.995377       0.00000000       5.16136661E-02  -3.33146863E-02  0.268587381    
   1565.12244       2219.51611       133.139359      -4.15433645       311.026031       0.00000000       3.39396745E-02  -4.19465564E-02  0.259617180    
   228.764374       2312.37280       133.208450      -4.14902020       412.865265       0.00000000       1.82733126E-02  -2.75506787E-02  0.260277569    
   166.123291       2335.63818       133.211685      -4.14779091       588.616760       0.00000000       2.25031786E-02  -3.88756357E-02  0.257935196    
   866.845581       2343.43677       133.175415      -4.14765215       245.979645       0.00000000       2.98104212E-02  -3.35633978E-02  0.264686555    
   1204.61462       2348.27588       133.157959      -4.14753103       179.630615       0.00000000       2.43951064E-02  -5.06264120E-02  0.256440938    
   318.082306       2472.15234       133.203796      -4.14077520       1488.32776       0.00000000       1.89550873E-02  -3.13895643E-02  0.265102208    
   1428.79358       2484.12329       133.146347      -4.14058542       507.761536       0.00000000       1.97046008E-02  -3.53222527E-02  0.261312157    
   1959.56787       2486.08350       133.118958      -4.14069557       416.897858       0.00000000       1.62113830E-02  -3.70569788E-02  0.265412211    
   1729.30078       2485.72778       133.130844      -4.14062166       166.148636       0.00000000       9.59095266E-03  -3.53325531E-02  0.266226947    
   1519.64307       2506.07202       133.141663      -4.13948536       559.515869       0.00000000       1.90441571E-02  -3.76367010E-02  0.266586542    
   444.009094       2574.85156       133.197250      -4.13550329       394.128571       0.00000000       1.40312817E-02  -2.74670683E-02  0.259419411    
   209.049942       2584.08374       133.209412      -4.13493443       468.732178       0.00000000       3.23030166E-02  -3.56936269E-02  0.264709055    
   1214.52441       2597.08008       133.157394      -4.13465357       205.011505       0.00000000       3.06152310E-02  -1.31496731E-02  0.258052707    
   1993.53186       2616.18237       133.117188      -4.13397837       138.295685       0.00000000       3.25947516E-02  -5.33234365E-02  0.259749383    
   766.830078       2669.31030       133.180527      -4.13073730       173.715164       0.00000000       2.95756329E-02  -1.61321443E-02  0.260915190    
   129.714340       2788.82642       133.213486      -4.12429714       400.898254       0.00000000       2.33748741E-02  -3.62259299E-02  0.262537539    
   557.855652       2927.96167       133.191284      -4.11726141       326.899536       0.00000000       1.92751642E-02  -3.42851989E-02  0.260924578    
   523.965088       2940.68237       133.193039      -4.11658907       1402.33667       0.00000000       2.13622414E-02  -3.52430455E-02  0.263484627    
   1248.88025       3015.56592       133.155548      -4.11300898       100.582291       0.00000000      -6.25994708E-03  -2.73650773E-02  0.261206925    
   1684.94727       3105.35645       133.133026      -4.10854721       107.016319       0.00000000       3.57566737E-02  -2.80419327E-02  0.271146238    
   1589.70178       3168.76904       133.137924      -4.10522699       145.671478       0.00000000       1.47713423E-02  -3.26732658E-02  0.262451440    
   1320.69324       3215.26831       133.151810      -4.10270739       567.703064       0.00000000       2.14319639E-02  -3.00501268E-02  0.265657187    
   1388.04321       3212.78979       133.148331      -4.10286427       147.260132       0.00000000       1.96503662E-02  -3.10160704E-02  0.268896759    
   1264.47815       3240.13745       133.154709      -4.10139656       1423.80054       0.00000000       1.69640444E-02  -3.50512862E-02  0.265518516    
   856.216064       3296.84912       133.175797      -4.09829044       394.747772       0.00000000       2.69684028E-02  -1.99961755E-02  0.260637224    
   110.105568       3293.78979       133.214401      -4.09813929       194.351532       0.00000000       3.15084048E-02  -2.68778577E-02  0.266620576    
   1531.15723       3343.60791       133.140930      -4.09615993       278.526337       0.00000000       1.95393320E-02  -3.60126980E-02  0.260041803    
   248.015671       3370.03906       133.207245      -4.09424925       588.463989       0.00000000       3.20061482E-02  -3.23610418E-02  0.262088269    
   1571.70325       3385.07886       133.138824      -4.09403324       457.880920       0.00000000       8.22061766E-03  -3.46478447E-02  0.264863342    
   936.459045       3396.43213       133.171631      -4.09317207       433.496307       0.00000000       2.25878563E-02  -3.53280827E-02  0.264886141    
   464.172882       3420.82861       133.196045      -4.09171057       1186.54163       0.00000000       2.15519089E-02  -3.06448787E-02  0.267690361    
   417.767639       3449.15161       133.198441      -4.09022522       257.708038       0.00000000       1.68795809E-02  -3.77906561E-02  0.260281384    
   1455.29736       3472.62256       133.144821      -4.08945560       1393.78369       0.00000000       1.46580851E-02  -3.50078605E-02  0.266041905    
   1791.49426       3525.06421       133.127472      -4.08689404       839.436646       0.00000000       1.73186064E-02  -3.95232253E-02  0.268135995    
   1009.89850       4555.13672       133.167679      -4.03331423       751.636963       0.00000000       1.39880069E-02  -3.63735817E-02  0.266704917    
   523.701660       4483.34082       133.192810      -4.03679514       626.450867       0.00000000       2.21107341E-02  -3.06337047E-02  0.265167564    
   1578.76672       4568.08398       133.138321      -4.03292036       103.949753       0.00000000       1.93624385E-02  -2.98911612E-03  0.261370867    
   277.560547       3605.96997       133.205673      -4.08205128       147.121765       0.00000000       3.95781472E-02  -3.96151096E-02  0.270874262    
   168.340210       4538.56201       133.211182      -4.03377867       105.305580       0.00000000       1.67800635E-02  -2.71312203E-02  0.269928366    
   992.450745       3710.40698       133.168686      -4.07695770       527.831116       0.00000000       2.02537999E-02  -3.58454138E-02  0.265016407    
   1992.36206       4528.87695       133.117004      -4.03514910       153.663284       0.00000000       4.86323051E-03  -4.14314121E-02  0.256237358    
   516.087036       3779.16504       133.193298      -4.07319355       660.067871       0.00000000       2.48332731E-02  -3.23189124E-02  0.268284887    
   2002.04187       4393.10547       133.116516      -4.04216003       1290.16968       0.00000000       7.14755664E-03  -3.13769318E-02  0.267042428    
   863.655884       4122.21533       133.175293      -4.05561113       140.600677       0.00000000       2.11294577E-03  -4.42734584E-02  0.266648889    
   1969.24536       4540.63379       133.118195      -4.03453064       230.107529       0.00000000       7.64113246E-03  -3.48140858E-02  0.262783378    
   258.120331       4317.56152       133.206573      -4.04524088       229.633972       0.00000000       1.82739664E-02  -2.71556824E-02  0.268114090    
   1943.74036       3751.25049       133.119583      -4.07527494       754.713928       0.00000000       1.36686405E-02  -3.31962369E-02  0.266562521    
   1007.75165       4178.15283       133.167831      -4.05278635       185.525620       0.00000000       1.22418264E-02  -4.31579500E-02  0.265708864    
   994.458130       4371.22363       133.168503      -4.04280567       1305.38232       0.00000000       1.37287425E-02  -3.60212326E-02  0.268753737    
   364.888519       3782.81104       133.201126      -4.07293940       857.701721       0.00000000       2.36202031E-02  -3.32081281E-02  0.264969677    
   1810.86206       3736.53687       133.126434      -4.07597399       124.481316       0.00000000       3.82713191E-02  -5.04187420E-02  0.270078778    
   1925.44897       4028.42310       133.120499      -4.06094980       159.442062       0.00000000       1.71996374E-02  -2.91765872E-02  0.267293155    
   65.5139084       3985.06470       133.216583      -4.06234837       1015.33252       0.00000000       2.62654386E-02  -2.76512597E-02  0.264391184    
   727.691650       4208.36816       133.182297      -4.05109692       178.280319       0.00000000       2.71716248E-02  -2.64043715E-02  0.262330860    
   884.686707       3876.05005       133.174240      -4.06834507       116.441460       0.00000000      -7.20584439E-03  -4.94376458E-02  0.260911375    
   1857.40906       4156.32617       133.123993      -4.05431271       881.019348       0.00000000       1.71060357E-02  -3.74695733E-02  0.269437939    
   1749.20215       3836.56445       133.129608      -4.07077742       701.063110       0.00000000       1.11436415E-02  -2.51910556E-02  0.264171720    
   1562.68591       3841.50732       133.139236      -4.07043648       582.293335       0.00000000       1.76125802E-02  -3.53154056E-02  0.264288366    
   117.021378       3882.35474       133.213943      -4.06768322       133.285126       0.00000000       3.25655378E-02  -3.92444767E-02  0.270966262    
