 x y RA Dec SNR flag e1 e2 size
   1439.68909       34.3989525       133.916901      -4.76160717       191.902710       0.00000000       2.38740761E-02  -3.06273457E-02  0.275158077    
   569.626099       76.3567581       133.961395      -4.75868368       758.066772       0.00000000       3.00962962E-02  -2.73186620E-02  0.280605257    
   1457.19202       88.3193741       133.916016      -4.75888062       1344.91321       0.00000000       1.91876329E-02  -3.57351340E-02  0.278387040    
   1328.48303       242.485855       133.922623      -4.75092459       215.632141       0.00000000       1.23381848E-03  -4.21483703E-02  0.270087779    
   721.277466       291.515747       133.953690      -4.74788618       749.340210       0.00000000       1.78975295E-02  -2.66822670E-02  0.279370427    
   1118.91272       303.866119       133.933365      -4.74761629       414.741302       0.00000000       1.47688063E-02  -2.55262312E-02  0.276081026    
   1865.88879       362.342926       133.895096      -4.74528599       107.173782       0.00000000       2.05664840E-02  -3.52198705E-02  0.265092432    
   1760.00745       398.668549       133.900528      -4.74334669       537.374084       0.00000000       1.47266528E-02  -2.87371017E-02  0.276438683    
   1529.58618       396.233521       133.912338      -4.74327374       235.030777       0.00000000       2.45743319E-02  -2.24186778E-02  0.273172915    
   997.440002       445.264496       133.939590      -4.74031210       1137.29749       0.00000000       2.01721489E-02  -2.93335989E-02  0.279067695    
   417.111908       478.615875       133.969254      -4.73809052       372.615021       0.00000000       2.13940237E-02  -3.13954242E-02  0.280034304    
   1233.38501       499.292023       133.927521      -4.73776913       1004.19287       0.00000000       1.65745188E-02  -2.69736908E-02  0.277296275    
   294.565674       489.854736       133.975510      -4.73740530       207.978607       0.00000000       3.08238100E-02  -3.12981792E-02  0.279419214    
   1395.05835       580.521790       133.919250      -4.73377132       560.240295       0.00000000       1.66956093E-02  -2.91229375E-02  0.273483753    
   1163.01721       577.635132       133.931137      -4.73371792       135.343185       0.00000000       1.37518449E-02  -2.28625163E-02  0.276739240    
   43.4677238       602.260254       133.988342      -4.73145342       419.203033       0.00000000       2.00789869E-02  -1.89939756E-02  0.280389428    
   418.467621       620.999451       133.969208      -4.73084641       417.079102       0.00000000       1.80497058E-02  -2.72146277E-02  0.279256999    
   1887.00256       661.507263       133.894043      -4.73005867       602.931396       0.00000000       4.76424061E-02  -4.28435430E-02  0.280723810    
   352.966461       664.531250       133.972565      -4.72857046       181.389908       0.00000000       2.79527493E-02  -3.18736471E-02  0.269092590    
   229.322739       669.919739       133.978882      -4.72818279       155.994354       0.00000000       1.37289111E-02  -1.53100993E-02  0.284207761    
   1906.68835       843.553894       133.893036      -4.72078991       179.381851       0.00000000       1.34988418E-02  -2.12269705E-02  0.266491830    
   292.157043       874.531128       133.975708      -4.71782207       161.295273       0.00000000       1.36737945E-02  -4.22181748E-02  0.274836034    
   697.790405       943.245422       133.954987      -4.71468163       146.274139       0.00000000       2.60204989E-02  -4.08717990E-02  0.279279888    
   227.614655       943.234009       133.979004      -4.71426392       115.931938       0.00000000      -3.56611819E-03  -3.99674438E-02  0.270383418    
   411.236450       953.678589       133.969635      -4.71389675       303.482544       0.00000000       1.57693904E-02  -3.39775011E-02  0.271359503    
   665.674744       1062.84985       133.956650      -4.70855618       146.123154       0.00000000       1.48136243E-02  -2.79655028E-02  0.295350343    
   1864.55664       1098.06189       133.895218      -4.70776558       342.558441       0.00000000       9.44147073E-03  -3.84424105E-02  0.272512555    
   1586.91748       1091.08301       133.909470      -4.70789576       103.922386       0.00000000       2.05753688E-02  -7.80356117E-03  0.315798283    
   664.928101       1122.86755       133.956696      -4.70549488       113.791260       0.00000000       8.27764347E-03  -2.22471412E-02  0.280049264    
   234.379059       1199.88757       133.978699      -4.70118904       478.922516       0.00000000       1.66364480E-02  -2.48186514E-02  0.278295279    
   1603.39502       1198.58911       133.908630      -4.70242071       335.396545       0.00000000       1.12208547E-02  -2.28145644E-02  0.275564164    
   1222.69604       1235.08911       133.928146      -4.70024347       862.295044       0.00000000       9.80237406E-03  -2.14262195E-02  0.275567681    
   350.465118       1321.24695       133.972794      -4.69510221       787.387268       0.00000000       1.25666140E-02  -2.49760170E-02  0.278343469    
   130.457016       1371.11462       133.984039      -4.69236469       125.185692       0.00000000       9.66539374E-04  -3.71576473E-02  0.271517098    
   186.072159       1402.49402       133.981201      -4.69081306       724.204834       0.00000000       1.69889443E-02  -2.19386872E-02  0.277687103    
   1413.67456       1594.83215       133.918381      -4.68202305       916.248474       0.00000000       1.20125087E-02  -1.87794156E-02  0.271806091    
   62.9690819       1591.06152       133.987503      -4.68108273       319.653076       0.00000000       1.14562586E-02  -2.17392314E-02  0.267495275    
   1119.44153       1616.46448       133.933472      -4.68067837       282.368927       0.00000000       1.32293748E-02  -2.96676494E-02  0.274059653    
   381.479248       1657.91101       133.971237      -4.67794466       170.472336       0.00000000       1.93263646E-02  -2.62538120E-02  0.275725693    
   519.239868       1698.64844       133.964203      -4.67598104       457.189301       0.00000000       1.16342427E-02  -2.57857963E-02  0.276136190    
   1877.52844       1710.00732       133.894577      -4.67649937       207.745209       0.00000000       1.77419651E-02  -3.95155661E-02  0.276468426    
   1226.48645       1709.11816       133.927994      -4.67602921       114.887489       0.00000000       1.45675922E-02  -3.41693498E-02  0.263364017    
   888.848694       1752.86633       133.945297      -4.67351818       638.408020       0.00000000      -3.74770985E-04  -2.36404911E-02  0.275503129    
   1884.85107       1897.92896       133.894211      -4.66688824       345.697754       0.00000000       6.19348371E-03  -3.04551553E-02  0.273789555    
   1656.85193       2195.50488       133.905930      -4.65147686       199.498322       0.00000000      -4.62877145E-03  -2.17403416E-02  0.269529700    
   1390.76770       2236.84790       133.919586      -4.64915514       433.167328       0.00000000      -1.98506494E-03  -2.10725050E-02  0.270992070    
   1463.14075       2242.70605       133.915878      -4.64891100       309.109924       0.00000000       4.00064513E-03  -2.55715400E-02  0.266816974    
   1753.11438       2325.77441       133.900986      -4.64487600       619.713928       0.00000000      -2.47888640E-03  -2.38577612E-02  0.273322254    
   1093.47083       2336.94629       133.934845      -4.64379835       690.542480       0.00000000       7.56445341E-03  -2.13705413E-02  0.271254778    
   816.119812       2341.86279       133.949051      -4.64332914       615.391235       0.00000000       8.45417567E-03  -1.96638014E-02  0.273512959    
   616.739929       2383.61035       133.959259      -4.64103270       388.126556       0.00000000       6.68835035E-03  -2.58563757E-02  0.272115439    
   94.9879990       2382.72949       133.985947      -4.64065456       139.292282       0.00000000       1.73723008E-02  -1.98572688E-02  0.276861578    
   281.422546       2516.02832       133.976425      -4.63398504       209.865707       0.00000000       9.80510470E-03  -2.01541055E-02  0.269083887    
   1602.26758       2531.49341       133.908737      -4.63421869       882.152344       0.00000000       4.82874084E-03  -2.85552144E-02  0.268196732    
   959.465332       2564.38770       133.941711      -4.63204432       367.921051       0.00000000       6.68830983E-03  -1.39641752E-02  0.273732036    
   243.783340       2600.56470       133.978363      -4.62962675       452.660736       0.00000000       4.00828570E-03  -1.62954200E-02  0.273568034    
   1015.21143       2605.45752       133.938858      -4.62998295       115.054970       0.00000000      -4.45179036E-03  -3.33841369E-02  0.268702269    
   1623.68469       2615.46631       133.907639      -4.62992907       179.538757       0.00000000       1.19160879E-02  -2.08790265E-02  0.261963874    
   103.282890       2695.17407       133.985550      -4.62466955       118.867355       0.00000000       1.67018156E-02  -3.04747336E-02  0.276876688    
   127.783371       2723.18750       133.984299      -4.62325478       198.884033       0.00000000       3.53318155E-02   8.14463187E-04  0.285769045    
   891.398987       2730.94678       133.945206      -4.62345648       395.401428       0.00000000       2.62750150E-03  -1.89272873E-02  0.267184019    
   867.801697       2730.77441       133.946411      -4.62344742       295.451782       0.00000000       3.80785414E-03  -3.05387210E-02  0.267462730    
   1188.24536       2750.52197       133.929993      -4.62267876       233.605103       0.00000000      -3.34774912E-03  -3.31709906E-02  0.271460056    
   626.263428       2785.95215       133.958786      -4.62043285       351.562500       0.00000000       2.54819635E-03  -1.00552058E-02  0.274665266    
   1953.01599       2793.15112       133.890701      -4.62105465       129.470261       0.00000000       2.17906889E-02  -1.28317242E-02  0.256239235    
   230.136536       2838.72485       133.979065      -4.61741877       126.840195       0.00000000       1.69186648E-02  -3.03278565E-02  0.260848820    
   121.136955       2903.79712       133.984650      -4.61399841       839.681396       0.00000000       4.73027397E-03  -1.49747171E-02  0.275151461    
   843.521912       2933.59937       133.947662      -4.61303091       427.784210       0.00000000       9.88413393E-03  -1.85730606E-02  0.265670687    
   833.497131       2971.81616       133.948181      -4.61106348       1452.50562       0.00000000       1.27999997E-02  -2.15097070E-02  0.272029579    
   867.575256       2960.23047       133.946426      -4.61168337       100.328476       0.00000000       3.11081707E-02  -2.52327453E-02  0.281608611    
   1199.30469       2996.02954       133.929413      -4.61009455       548.826294       0.00000000       5.09624323E-03  -2.26596743E-02  0.273604035    
   1698.21130       3020.29199       133.903793      -4.60921335       229.555466       0.00000000       4.19668062E-03  -1.85963940E-02  0.273167133    
   1231.52588       3057.05176       133.927765      -4.60698748       861.185059       0.00000000       4.82256524E-03  -2.15973929E-02  0.273916304    
   1632.77747       3067.06641       133.907150      -4.60676479       657.657654       0.00000000      -2.80564465E-03  -2.47546583E-02  0.272736937    
   194.235977       3059.85254       133.980911      -4.60605907       104.352516       0.00000000      -1.04559036E-02  -1.46558145E-02  0.263294131    
   234.813065       3078.31689       133.978836      -4.60514402       239.649414       0.00000000       3.41821113E-03  -1.13315489E-02  0.274977684    
   1168.59912       3093.53711       133.930984      -4.60506916       207.936096       0.00000000       1.06545421E-03  -1.61363613E-02  0.272132993    
   1580.05408       3281.17920       133.909851      -4.59573269       198.821350       0.00000000       1.37057761E-02  -2.83941757E-02  0.271005601    
   1879.78430       3293.55103       133.894440      -4.59530783       375.743744       0.00000000       3.56185180E-03  -2.60050185E-02  0.267800272    
   810.733093       3289.63965       133.949341      -4.59474134       152.882294       0.00000000       6.71859225E-03  -6.87970966E-03  0.268214881    
   994.953552       3291.63574       133.939896      -4.59477425       121.908195       0.00000000       1.77177531E-03  -2.46636812E-02  0.254333794    
   1535.17981       3502.18384       133.912155      -4.58434725       156.550247       0.00000000       5.62795764E-03  -2.59992462E-02  0.268466115    
   1642.97729       3554.73828       133.906616      -4.58172083       159.203644       0.00000000       2.61427276E-02  -1.79764740E-02  0.268232524    
   226.000488       3567.75317       133.979294      -4.58003330       807.601746       0.00000000       3.73355369E-03  -2.06962693E-02  0.275211036    
   741.657532       3561.47021       133.952881      -4.58073568       301.348663       0.00000000       2.49953917E-03  -2.00433359E-02  0.263270259    
   1315.17285       3991.72095       133.923431      -4.55902863       341.000793       0.00000000       3.88104655E-03  -1.07542919E-02  0.273001671    
   92.6072235       3808.08325       133.986115      -4.56759739       295.124512       0.00000000       2.06015306E-03  -1.23887910E-02  0.276970863    
   1243.24023       3731.12622       133.927139      -4.57237720       222.086197       0.00000000       1.42945806E-02  -1.59919988E-02  0.276600569    
   1707.06311       4551.07471       133.903229      -4.53049707       285.339966       0.00000000       1.08333305E-02  -1.47896837E-02  0.270880431    
   1276.97046       4423.27051       133.925354      -4.53679848       302.194458       0.00000000       1.04003213E-02  -7.22448016E-03  0.263044089    
   876.434937       4259.01660       133.945938      -4.54498148       116.676605       0.00000000      -1.10597787E-02  -1.88796744E-02  0.274540305    
   1233.83716       4465.20215       133.927567      -4.53461170       109.119568       0.00000000       7.31830078E-04   1.08664585E-02  0.255632967    
   625.973694       3688.12866       133.958801      -4.57414722       867.288513       0.00000000       4.23961971E-03  -1.34435901E-02  0.275033474    
   713.869812       4323.79199       133.954269      -4.54153872       306.965790       0.00000000       1.05997194E-02  -1.97731946E-02  0.269063443    
   1014.84381       4337.99121       133.938828      -4.54101276       214.559006       0.00000000       2.88908894E-04  -2.14406494E-02  0.263879627    
   760.263306       4296.24854       133.951889      -4.54298687       483.477600       0.00000000       7.65761128E-03  -2.20965389E-02  0.263378620    
   330.219574       3873.58984       133.973953      -4.56440783       129.711807       0.00000000      -7.28515582E-03  -1.91262886E-02  0.269259363    
   109.764748       4517.62695       133.985214      -4.53115416       523.009216       0.00000000       1.60216959E-03  -1.75861083E-02  0.271575868    
