 x y RA Dec SNR flag e1 e2 size
   1103.66785       118.512802       133.054474      -4.26380682       167.463562       0.00000000       4.54703066E-03  -4.11084145E-02  0.261977315    
   681.063416       143.294632       133.076202      -4.26242208       540.764160       0.00000000       1.45878782E-02  -3.42353210E-02  0.261102766    
   140.936127       241.588470       133.104019      -4.25720072       602.935364       0.00000000       6.05914835E-03  -6.27851859E-02  0.269646645    
   1363.90613       234.854980       133.041061      -4.25785255       126.141396       0.00000000       1.05906818E-02  -4.15624008E-02  0.264217854    
   1016.63440       272.540466       133.058914      -4.25581741       274.008667       0.00000000       2.43330374E-03  -3.73826921E-02  0.267081112    
   1876.11609       396.650482       133.014725      -4.24961329       272.126923       0.00000000       1.33649157E-02  -5.26612327E-02  0.261859834    
   199.986984       407.861115       133.100937      -4.24860620       455.709229       0.00000000       1.92382950E-02  -3.27429324E-02  0.267262816    
   1517.36401       427.821167       133.033142      -4.24791288       798.610229       0.00000000       1.09834205E-02  -3.93808037E-02  0.266451001    
   340.404510       426.041718       133.093689      -4.24770117       252.518372       0.00000000       1.53925326E-02  -4.33002375E-02  0.266502798    
   1803.16199       432.620697       133.018463      -4.24773645       568.166931       0.00000000       1.11639341E-02  -4.32011038E-02  0.267116904    
   1573.49084       460.089783       133.030243      -4.24625874       1013.75623       0.00000000       8.63351021E-03  -3.80894542E-02  0.266390085    
   1131.26636       463.992981       133.052963      -4.24594307       701.050354       0.00000000       1.20651303E-02  -3.78404595E-02  0.269063294    
   1915.92212       470.040009       133.012665      -4.24583054       127.241913       0.00000000       3.46181579E-02  -6.23284467E-02  0.263730973    
   1372.87000       534.344910       133.040527      -4.24236774       661.062622       0.00000000       8.37339647E-03  -3.72916274E-02  0.267001569    
   1834.88098       565.145630       133.016800      -4.24089479       513.160095       0.00000000       1.35438610E-02  -3.92363109E-02  0.272724926    
   1538.12329       573.976929       133.032043      -4.24036169       393.859619       0.00000000       9.26932227E-03  -2.83087846E-02  0.267191112    
   40.1287537       599.137573       133.109131      -4.23866034       204.338074       0.00000000       8.01423378E-03  -3.21761109E-02  0.266429812    
   83.8712463       613.407471       133.106873      -4.23793316       849.122559       0.00000000       2.53601987E-02  -2.97990497E-02  0.264036208    
   1405.21570       727.140869       133.038834      -4.23240709       488.278656       0.00000000       1.37891052E-02  -4.07723039E-02  0.264549643    
   1510.67847       745.446289       133.033417      -4.23148966       218.559189       0.00000000       1.00756753E-02  -4.43675704E-02  0.266620755    
   473.637909       775.123962       133.086746      -4.22966719       281.447327       0.00000000       2.34532580E-02  -3.82951647E-02  0.272075355    
   679.456970       778.830261       133.076141      -4.22953272       334.828979       0.00000000       1.33605935E-02  -4.63498905E-02  0.262251228    
   783.022949       822.505127       133.070801      -4.22730207       217.347015       0.00000000       7.17468327E-04  -5.40335625E-02  0.267228186    
   1211.45264       852.043030       133.048767      -4.22589445       538.190857       0.00000000       9.75663122E-03  -4.31041792E-02  0.265984327    
   1579.25464       873.274658       133.029861      -4.22489977       711.756226       0.00000000       1.54522322E-02  -3.96423414E-02  0.267318398    
   1937.69409       886.775818       133.011475      -4.22430134       236.598312       0.00000000       9.50258691E-03  -4.57505025E-02  0.268526673    
   851.994507       886.968628       133.067245      -4.22398663       109.026627       0.00000000      -1.80228297E-02  -3.13853100E-02  0.274795920    
   904.420471       917.805603       133.064545      -4.22240639       130.323837       0.00000000       1.27116647E-02  -2.95690633E-02  0.260035068    
   1676.34497       961.254272       133.024857      -4.22037935       114.601952       0.00000000       1.38854170E-02  -3.93225439E-02  0.266331673    
   79.5097656       1011.87720       133.107010      -4.21729994       274.521759       0.00000000       1.39050661E-02  -2.57813223E-02  0.269604772    
   300.614441       1072.83325       133.095612      -4.21420860       982.386353       0.00000000       1.61572099E-02  -3.39395106E-02  0.268981904    
   1262.48267       1063.62305       133.046097      -4.21496820       343.907654       0.00000000       1.02051897E-02  -4.15273570E-02  0.269878179    
   1237.87402       1085.49707       133.047363      -4.21382952       238.341675       0.00000000       2.70350799E-02  -3.07849627E-02  0.265721202    
   419.312561       1128.37231       133.089478      -4.21136904       456.138824       0.00000000       1.41630471E-02  -3.12893502E-02  0.265918940    
   1562.95166       1149.90759       133.030655      -4.21059561       118.676079       0.00000000       1.21645527E-02  -5.73122948E-02  0.267754436    
   1249.34583       1293.45398       133.046738      -4.20308018       179.590637       0.00000000       2.60456223E-02  -4.43965718E-02  0.264374942    
   748.282593       1300.01111       133.072510      -4.20258713       170.936493       0.00000000       1.66396406E-02  -4.19889651E-02  0.261835158    
   1824.03430       1303.73816       133.017227      -4.20272350       111.263191       0.00000000       2.13586520E-02  -4.25476469E-02  0.269425988    
   2014.10486       1353.38477       133.007462      -4.20021582       570.372925       0.00000000       1.96805242E-02  -4.54727784E-02  0.268806756    
   1762.62134       1359.61951       133.020370      -4.19981718       485.621033       0.00000000       1.46334078E-02  -3.40218097E-02  0.272347897    
   1344.69885       1362.42639       133.041824      -4.19954348       395.184509       0.00000000       8.15100409E-03  -4.50724103E-02  0.274865210    
   35.0049782       1417.83228       133.109238      -4.19626999       155.316986       0.00000000       1.50925582E-02  -4.42952439E-02  0.266250193    
   598.143005       1556.25330       133.080185      -4.18928337       534.428772       0.00000000       1.80422030E-02  -4.04494368E-02  0.260573715    
   452.408234       1550.65576       133.087692      -4.18952608       191.832169       0.00000000       2.20458396E-02  -3.33884694E-02  0.259141505    
   771.345459       1591.51453       133.071274      -4.18751526       805.129272       0.00000000       8.54195096E-03  -3.61523107E-02  0.266739130    
   1395.39673       1584.95703       133.039185      -4.18805599       313.821381       0.00000000       1.18321273E-02  -4.12563346E-02  0.268657386    
   982.386536       1596.32141       133.060410      -4.18733454       287.646057       0.00000000       5.75491879E-03  -3.87995131E-02  0.266199619    
   1218.83252       1619.13330       133.048248      -4.18623209       1200.33362       0.00000000       1.30183492E-02  -3.32191177E-02  0.266573966    
   707.117432       1623.36548       133.074570      -4.18584681       1284.37439       0.00000000       9.18248948E-03  -3.52073051E-02  0.265811294    
   579.682129       1643.96265       133.081131      -4.18473959       336.784088       0.00000000      -3.92402377E-04  -3.27978097E-02  0.270104557    
   1625.10437       1664.59570       133.027374      -4.18401480       1042.73511       0.00000000       9.55735054E-03  -4.19388153E-02  0.266728252    
   1408.31750       1665.84619       133.038498      -4.18387938       485.069275       0.00000000       4.96233441E-03  -3.84666808E-02  0.267358243    
   1493.24805       1709.44934       133.034134      -4.18165350       459.318634       0.00000000       2.09004693E-02  -3.98187526E-02  0.266922265    
   1395.33032       1738.94592       133.039169      -4.18009663       627.854492       0.00000000       3.29124019E-03  -4.19736132E-02  0.268724561    
   1495.03687       1812.41528       133.034027      -4.17633295       612.997192       0.00000000       9.13846120E-03  -3.60394828E-02  0.270047545    
   1832.17456       1852.25891       133.016724      -4.17438793       114.021126       0.00000000       7.54507584E-03  -1.77324694E-02  0.271981657    
   1745.57092       1871.00415       133.021164      -4.17339039       140.065079       0.00000000       1.88204050E-02  -4.98111248E-02  0.260440707    
   368.967255       1925.32751       133.091934      -4.17011356       100.660477       0.00000000       1.57306958E-02  -2.74640825E-02  0.271910012    
   1015.00958       1987.81104       133.058670      -4.16710329       1139.30066       0.00000000       1.54704871E-02  -3.85256484E-02  0.268668264    
   1491.54919       2121.03442       133.034164      -4.16038513       898.113281       0.00000000       8.92879814E-03  -3.95166948E-02  0.274147600    
   613.825745       2125.56494       133.079300      -4.15984058       319.219513       0.00000000       1.74413493E-03  -3.56142707E-02  0.272551656    
   802.060669       2139.27588       133.069611      -4.15919781       144.778244       0.00000000       2.59691179E-02  -2.01574862E-02  0.262814492    
   1278.64404       2142.31250       133.045105      -4.15921021       147.769363       0.00000000       1.44415731E-02  -2.88965032E-02  0.269701004    
   1272.47290       2194.07520       133.045410      -4.15653276       164.533951       0.00000000       1.06993848E-02  -1.31730335E-02  0.262591928    
   1582.58850       2210.74512       133.029480      -4.15578270       178.901993       0.00000000       1.48600964E-02  -3.06882858E-02  0.270320177    
   367.188934       2243.75806       133.091980      -4.15364075       144.313507       0.00000000      -7.57158967E-03  -3.75052691E-02  0.261095971    
   830.820435       2349.09790       133.068100      -4.14836073       326.497528       0.00000000       1.79070816E-03  -3.34535539E-02  0.272652239    
   1362.03577       2356.11304       133.040787      -4.14819288       201.495880       0.00000000       8.59901775E-04  -1.75815877E-02  0.273826510    
   910.026978       2373.80200       133.064026      -4.14711237       869.239929       0.00000000       8.14042985E-03  -3.31470594E-02  0.269446939    
   1675.95129       2373.01758       133.024673      -4.14743567       436.149689       0.00000000       1.30262757E-02  -3.88958454E-02  0.269484878    
   1811.59570       2378.00244       133.017715      -4.14722776       151.058136       0.00000000       2.18143128E-02  -4.59104441E-02  0.274873018    
   76.9209595       2435.18311       133.106918      -4.14363575       337.337219       0.00000000       7.96919037E-03  -3.98005471E-02  0.270086676    
   1699.42456       2479.94531       133.023468      -4.14192247       380.121094       0.00000000       1.05395205E-02  -3.73007879E-02  0.269526094    
   862.097900       2534.60718       133.066467      -4.13878345       273.390686       0.00000000       7.83708319E-03  -2.92903073E-02  0.267089933    
   1538.19067       2561.81836       133.031723      -4.13763332       674.182129       0.00000000       1.50460787E-02  -3.79628912E-02  0.269548297    
   387.567383       2563.40308       133.090897      -4.13711739       269.026245       0.00000000      -9.13518947E-03  -2.91693322E-02  0.273283392    
   586.240112       2613.00439       133.080658      -4.13462734       161.920151       0.00000000       1.93373393E-02  -2.25655902E-02  0.269637764    
   1955.07959       2653.49658       133.010330      -4.13305950       239.253830       0.00000000      -4.48710378E-03  -4.45036143E-02  0.270668030    
   982.312439       2654.37964       133.060272      -4.13263941       255.611160       0.00000000      -9.20957478E-04  -3.08641903E-02  0.264180899    
   41.1586571       2676.23926       133.108734      -4.13115406       131.328323       0.00000000      -8.14688299E-03  -3.40737551E-02  0.251871020    
   88.5447235       2694.93481       133.106293      -4.13020468       100.160553       0.00000000       1.64871216E-02  -4.85396571E-02  0.262653500    
   353.832520       2716.02002       133.092621      -4.12921381       432.762512       0.00000000       9.84417740E-03  -3.45625542E-02  0.264089972    
   1922.64441       2722.41650       133.011993      -4.12948990       315.980133       0.00000000       5.48932422E-03  -2.62121931E-02  0.265462518    
   792.791931       2724.72729       133.070023      -4.12893152       236.976395       0.00000000       2.72747432E-03  -4.25885469E-02  0.271196753    
   1422.71570       2733.82788       133.037643      -4.12870598       161.585266       0.00000000       1.32767688E-02  -4.27913927E-02  0.267858028    
   1726.22205       2785.68311       133.022064      -4.12614727       633.982849       0.00000000       1.14473328E-02  -3.59400772E-02  0.270327449    
   643.633850       2831.84155       133.077682      -4.12333822       143.658508       0.00000000       1.55249024E-02  -4.87402827E-02  0.263359219    
   511.387909       2879.04517       133.084488      -4.12084675       583.781250       0.00000000       1.33448252E-02  -2.91186273E-02  0.267781228    
   1226.30139       2905.85034       133.047714      -4.11974430       1415.75732       0.00000000       1.30777620E-02  -3.58424596E-02  0.267284900    
   563.328613       2914.67944       133.081802      -4.11902571       1261.40405       0.00000000       9.12378356E-03  -3.45259607E-02  0.267557055    
   1743.86804       2955.53442       133.021149      -4.11738729       1428.29358       0.00000000       1.02724116E-02  -3.14678252E-02  0.268709868    
   1027.37646       2943.45117       133.057938      -4.11772299       306.083130       0.00000000       1.27141429E-02  -2.02657934E-02  0.270155489    
   726.923279       2976.82861       133.073380      -4.11587858       105.571899       0.00000000       4.25608866E-02  -2.54103411E-02  0.269343823    
   414.807281       3119.89526       133.089432      -4.10836124       293.042786       0.00000000       2.12433492E-03  -3.54397595E-02  0.266118765    
   478.997131       3122.05029       133.086121      -4.10827589       318.899963       0.00000000       2.35204361E-02  -3.31346057E-02  0.269092113    
   685.414124       3135.57983       133.075500      -4.10765982       1193.85815       0.00000000       1.00384923E-02  -3.41388918E-02  0.266798228    
   527.725647       3153.36768       133.083618      -4.10667706       225.894379       0.00000000       2.11225953E-02  -2.81194691E-02  0.270419091    
   706.106445       3176.51416       133.074432      -4.10555363       873.794128       0.00000000       9.88153554E-03  -3.67257148E-02  0.266302973    
   178.594467       3244.55200       133.101593      -4.10182476       280.530823       0.00000000       9.02063213E-03  -3.55182290E-02  0.269272238    
   391.578522       3262.35010       133.090622      -4.10099077       779.640686       0.00000000      -2.82103196E-03  -4.62371856E-02  0.268700242    
   1683.20020       3267.40747       133.024231      -4.10126781       272.650574       0.00000000       2.02486869E-02  -4.48206849E-02  0.262245297    
   196.564667       3337.61816       133.100662      -4.09702253       948.251831       0.00000000       1.17630614E-02  -3.47867571E-02  0.267767757    
   36.6620903       3328.88574       133.108902      -4.09740925       160.097366       0.00000000      -8.46736971E-03  -2.08540726E-02  0.280563563    
   1717.81897       3412.31738       133.022461      -4.09380674       116.402458       0.00000000       2.35676616E-02  -6.54546544E-03  0.303156197    
   604.664429       3424.61133       133.079636      -4.09269667       289.230591       0.00000000       1.24932136E-02  -4.83911000E-02  0.262041301    
   700.547119       3450.23413       133.074707      -4.09141350       1438.01294       0.00000000       9.85222962E-03  -3.34228575E-02  0.267445862    
   1274.64893       3523.96851       133.045197      -4.08785391       1244.20703       0.00000000       1.34753110E-02  -3.07339076E-02  0.269213080    
   1513.74426       3513.17578       133.032913      -4.08851528       234.389893       0.00000000       2.07455494E-02  -2.60353126E-02  0.273807079    
   902.863708       3557.98193       133.064285      -4.08593702       647.604858       0.00000000       9.54598840E-03  -3.65757346E-02  0.267638683    
   1332.73584       3560.58545       133.042206      -4.08598995       628.192139       0.00000000       1.45719349E-02  -3.28787044E-02  0.272783577    
   1405.20288       4437.60059       133.038467      -4.04080009       555.839539       0.00000000       1.02296825E-02  -2.74703745E-02  0.263537347    
   597.145935       4180.32227       133.079987      -4.05368185       101.362633       0.00000000       5.08914562E-03  -3.13056074E-02  0.267447591    
   52.4134636       3741.25122       133.108047      -4.07610893       1028.54614       0.00000000       3.30679514E-03  -3.66966724E-02  0.266376704    
   1360.69690       4426.13818       133.040756      -4.04136848       367.540100       0.00000000       8.37743841E-03  -2.91345417E-02  0.265444487    
   1775.97693       3771.60889       133.019455      -4.07530308       568.159302       0.00000000       1.19078523E-02  -3.46167311E-02  0.274454474    
   1460.52856       4568.87500       133.035645      -4.03406382       114.722229       0.00000000      -3.98724945E-03  -7.04025500E-04  0.270039082    
   95.5809708       3631.95972       133.105835      -4.08177280       1354.08740       0.00000000       1.20642912E-02  -3.44297662E-02  0.265281916    
   279.674561       4376.70166       133.096313      -4.04340363       1656.12695       0.00000000       8.75907671E-03  -3.29321176E-02  0.269666880    
   1123.76123       4544.34912       133.052917      -4.03516102       101.748077       0.00000000       7.41107296E-03  -1.52836153E-02  0.266184628    
   2009.59485       4524.69287       133.007507      -4.03661346       153.867737       0.00000000       7.67643284E-03  -3.44125107E-02  0.263896734    
   1061.21924       3944.23242       133.056137      -4.06607437       1300.52441       0.00000000       9.87788569E-03  -3.05258967E-02  0.268077016    
   1314.23120       4477.94727       133.043137      -4.03867626       1323.80652       0.00000000       9.56087280E-03  -2.64295787E-02  0.270198405    
   740.087830       4007.49414       133.072647      -4.06266451       138.589813       0.00000000       1.38477096E-02  -2.48208456E-02  0.281812757    
   1102.08167       4218.98291       133.054031      -4.05192327       548.323486       0.00000000       1.38155082E-02  -3.17495763E-02  0.267644882    
   1902.95911       4325.41748       133.012955      -4.04682255       1333.43689       0.00000000       1.31204519E-02  -2.62451023E-02  0.268005073    
   891.903442       4205.26270       133.064835      -4.05253172       628.034546       0.00000000       8.00080318E-03  -4.10819016E-02  0.266740978    
   1976.15283       4108.34424       133.009201      -4.05804062       1243.32715       0.00000000       1.70521308E-02  -2.99127363E-02  0.267743617    
   1901.72961       4156.18896       133.013016      -4.05554008       134.153076       0.00000000       7.54394615E-03  -2.50002407E-02  0.267069787    
   1155.14819       4187.08887       133.051315      -4.05359268       664.015015       0.00000000       9.28578246E-03  -2.66685002E-02  0.273419291    
   647.992493       3887.21460       133.077377      -4.06883049       161.054565       0.00000000       2.52617826E-03  -3.77115943E-02  0.269120008    
   1372.11865       3871.76489       133.040176      -4.06995440       328.520233       0.00000000       6.22001383E-03  -3.02763022E-02  0.273685306    
   999.765686       3993.77930       133.059296      -4.06349087       182.529404       0.00000000       1.80884469E-02  -3.68366241E-02  0.268614531    
   113.862778       3975.28442       133.104874      -4.06404829       203.477982       0.00000000       1.14885177E-02  -2.80746911E-02  0.260588348    
   1021.98596       3956.71851       133.058151      -4.06541252       226.536514       0.00000000       1.24295419E-02  -3.96174118E-02  0.273166716    
