 x y RA Dec SNR flag e1 e2 size
   1701.20264       121.198784       133.242416      -4.26248789       516.769043       0.00000000       2.73931939E-02  -2.10800655E-02  0.266026258    
   2007.82874       160.567596       133.226501      -4.26053810       190.608749       0.00000000       4.12507802E-02  -2.67596673E-02  0.266218692    
   1270.25830       199.357330       133.264755      -4.25830173       582.312866       0.00000000       3.32513787E-02  -2.55614463E-02  0.261659205    
   1975.10510       468.066925       133.228104      -4.24457693       332.272186       0.00000000       3.36913913E-02  -2.99897678E-02  0.257016331    
   1132.59924       471.460754       133.271820      -4.24413776       254.170197       0.00000000       3.00131161E-02  -2.98360772E-02  0.257587075    
   1212.53845       485.190277       133.267670      -4.24345016       149.790451       0.00000000       2.17766631E-02  -1.35339061E-02  0.256677866    
   1725.83081       551.898193       133.241013      -4.24014997       359.762573       0.00000000       2.35636327E-02  -2.12742668E-02  0.267410666    
   768.764648       651.402832       133.290665      -4.23468256       788.252380       0.00000000       3.37771885E-02  -1.85617916E-02  0.256078392    
   1746.34473       689.755310       133.239914      -4.23300505       586.301941       0.00000000       2.42257584E-02  -3.15769389E-02  0.262180954    
   885.421448       693.345581       133.284592      -4.23254299       266.252899       0.00000000       3.60808820E-02  -1.78806875E-02  0.258871824    
   1887.45203       723.131042       133.232574      -4.23131847       337.531128       0.00000000       2.69113034E-02  -3.36188376E-02  0.256516725    
   224.282272       744.953552       133.318939      -4.22965050       105.249100       0.00000000       5.04455492E-02  -4.12405357E-02  0.253278971    
   158.180328       786.962891       133.322357      -4.22744799       263.015564       0.00000000       4.16326113E-02  -1.42990025E-02  0.259017855    
   1140.11304       849.511292       133.271332      -4.22452021       671.781311       0.00000000       3.65360603E-02  -2.20726039E-02  0.259277910    
   172.860382       848.693542       133.321579      -4.22424746       162.282120       0.00000000       5.02270311E-02   2.99713854E-03  0.261309862    
   1597.24353       862.840088       133.247589      -4.22397709       502.921326       0.00000000       2.24593971E-02  -2.92804204E-02  0.256361932    
   1452.25940       873.430359       133.255112      -4.22338057       143.793518       0.00000000       5.23047149E-02  -3.16511169E-02  0.256354064    
   803.939026       914.043213       133.288773      -4.22106123       453.498627       0.00000000       3.38170454E-02  -2.15992294E-02  0.258171111    
   1679.02002       1043.61621       133.243301      -4.21462536       572.860901       0.00000000       3.36987339E-02  -3.11657172E-02  0.262665093    
   150.781281       1066.99988       133.322662      -4.21290636       498.030884       0.00000000       3.75839360E-02  -1.70251038E-02  0.262107432    
   469.022949       1089.69897       133.306122      -4.21183348       1167.99219       0.00000000       3.45256999E-02  -1.98264662E-02  0.259035289    
   1480.87720       1096.66992       133.253571      -4.21180725       151.777588       0.00000000       3.13293673E-02  -1.94838587E-02  0.265851110    
   408.071503       1116.18188       133.309280      -4.21043873       513.452332       0.00000000       3.34267728E-02  -1.57885142E-02  0.254815936    
   1185.06323       1127.15601       133.268906      -4.21012735       859.586304       0.00000000       2.99367495E-02  -2.14363839E-02  0.258860022    
   433.244812       1156.96582       133.307953      -4.20833015       461.424316       0.00000000       3.05720307E-02  -1.00861890E-02  0.254593939    
   436.965118       1192.18909       133.307755      -4.20650291       1080.00745       0.00000000       3.48230079E-02  -1.36620579E-02  0.260695577    
   1426.87781       1202.27271       133.256348      -4.20631027       1308.16455       0.00000000       2.40874905E-02  -2.03726441E-02  0.261993200    
   489.130554       1189.87146       133.305038      -4.20664072       215.075455       0.00000000       4.15149331E-02  -9.31920391E-03  0.252122492    
   996.997864       1267.11829       133.278641      -4.20280170       1027.61108       0.00000000       3.06385588E-02  -1.87617950E-02  0.258875847    
   1301.77173       1272.06409       133.262817      -4.20264769       231.540237       0.00000000       2.73783412E-02  -1.50783574E-02  0.267277777    
   490.901154       1298.75317       133.304916      -4.20098972       1157.47742       0.00000000       4.19544801E-02  -1.50579503E-02  0.255226582    
   301.414459       1315.21802       133.314758      -4.20007133       1061.45447       0.00000000       3.85205932E-02  -1.81145966E-02  0.258212388    
   1239.43713       1381.20410       133.266022      -4.19696426       927.718262       0.00000000       2.62441766E-02  -2.41934881E-02  0.256528378    
   815.578613       1406.50476       133.288025      -4.19550705       100.498650       0.00000000       2.11652406E-02   5.23589551E-03  0.262949526    
   147.514420       1419.18811       133.322739      -4.19462252       179.136078       0.00000000       3.57169695E-02  -1.39772585E-02  0.266293526    
   93.1705933       1501.05615       133.325531      -4.19035435       471.163727       0.00000000       4.20655087E-02  -1.67411175E-02  0.256330878    
   924.183289       1568.82910       133.282333      -4.18712139       386.297241       0.00000000       2.85593867E-02  -1.89947765E-02  0.255961329    
   959.002441       1658.07971       133.280502      -4.18250275       313.255829       0.00000000       4.00492363E-02  -2.43973713E-02  0.256405920    
   1630.34546       1670.00073       133.245667      -4.18211794       116.412910       0.00000000       1.95933897E-02  -2.56235749E-02  0.261494368    
   1412.94031       1773.30371       133.256912      -4.17668390       266.897186       0.00000000       2.53401436E-02  -2.61855312E-02  0.262460083    
   361.084076       1784.13367       133.311539      -4.17575455       268.059296       0.00000000       3.07108704E-02  -1.39449881E-02  0.256429255    
   269.397644       1808.30273       133.316299      -4.17446852       1193.44751       0.00000000       3.37847807E-02  -1.95915177E-02  0.255380958    
   1551.88599       1867.79749       133.249680      -4.17183256       354.313934       0.00000000       2.79651452E-02  -3.02802566E-02  0.261746526    
   158.812057       1901.26721       133.322021      -4.16960573       312.136292       0.00000000       4.84185033E-02  -1.66790355E-02  0.252302885    
   1393.78638       1912.71667       133.257874      -4.16944647       202.981064       0.00000000       4.31375168E-02  -1.63310822E-02  0.262686729    
   1059.19348       1971.12256       133.275223      -4.16629839       391.077332       0.00000000       2.91261747E-02  -8.43496621E-03  0.255669862    
   739.362610       2036.07629       133.291809      -4.16281509       971.315430       0.00000000       2.97471154E-02  -2.40753777E-02  0.265437871    
   1269.90796       2059.26270       133.264267      -4.16180182       174.016525       0.00000000       2.08391864E-02  -2.10714713E-02  0.261504799    
   1845.27368       2119.36060       133.234406      -4.15889454       261.360168       0.00000000       2.09095217E-02  -2.55218130E-02  0.266463518    
   84.2178192       2121.90308       133.325836      -4.15813065       258.967834       0.00000000       4.15334180E-02  -2.18453184E-02  0.255213678    
   99.4670944       2222.50244       133.325012      -4.15291595       106.757736       0.00000000       4.83172573E-02  -1.36575792E-02  0.256051213    
   269.503296       2348.18384       133.316147      -4.14645672       258.744263       0.00000000       4.08355743E-02  -1.72507111E-02  0.264399439    
   974.748535       2442.24976       133.279495      -4.14183378       412.125610       0.00000000       4.01349366E-02  -2.27102246E-02  0.260729879    
   1387.47778       2392.56348       133.258087      -4.14456224       483.708771       0.00000000       1.98666826E-02  -2.64008716E-02  0.259373546    
   1761.50232       2409.57642       133.238678      -4.14381981       1367.88635       0.00000000       1.57107599E-03  -1.69981532E-02  0.270095587    
   1883.18005       2409.14795       133.232376      -4.14388752       183.239853       0.00000000       3.90721783E-02  -3.89188752E-02  0.262507886    
   55.4737625       2477.55542       133.327240      -4.13966894       449.529694       0.00000000       4.10058461E-02  -1.36380158E-02  0.259701133    
   1283.23120       2487.99561       133.263474      -4.13957596       135.239853       0.00000000       2.55088601E-02  -9.14030708E-03  0.257302314    
   1511.18237       2539.69482       133.251633      -4.13698101       192.899445       0.00000000       2.56169252E-02  -2.66595874E-02  0.260378718    
   405.336853       2649.12817       133.309006      -4.13089705       496.484558       0.00000000       3.87018099E-02  -2.56327912E-02  0.259968489    
   1510.10645       2659.10791       133.251663      -4.13079166       1038.55444       0.00000000       2.89215054E-02  -3.00041381E-02  0.263827533    
   1639.10901       2691.10303       133.244965      -4.12918282       170.721390       0.00000000       3.12507302E-02  -3.33498456E-02  0.258783221    
   1357.20581       2701.15771       133.259583      -4.12855434       226.073349       0.00000000       4.31505553E-02  -3.14798653E-02  0.249644399    
   884.502502       2818.63940       133.284088      -4.12228632       395.323456       0.00000000       4.05866131E-02  -2.06912924E-02  0.257548898    
   1142.42712       2861.13745       133.270691      -4.12018108       262.657257       0.00000000       4.10967767E-02  -2.06466373E-02  0.260508299    
   305.324097       2888.15967       133.314148      -4.11846590       366.552399       0.00000000       3.34633030E-02  -1.64305195E-02  0.265289754    
   660.843506       2889.84351       133.295685      -4.11851120       159.160492       0.00000000       3.96656431E-02  -1.83570422E-02  0.259778082    
   1906.05249       2897.49390       133.231079      -4.11859226       243.814880       0.00000000       4.28861864E-02  -3.36488001E-02  0.276278287    
   491.875793       2922.00366       133.304443      -4.11678076       650.404236       0.00000000       3.19375433E-02  -2.02151164E-02  0.262832284    
   93.2209778       2943.24536       133.325150      -4.11553144       371.801483       0.00000000       3.38423736E-02  -2.15438716E-02  0.265994519    
   1437.44104       2957.15942       133.255356      -4.11531830       237.738342       0.00000000       2.26126630E-02  -2.65926253E-02  0.258845747    
   116.180527       2969.32544       133.323959      -4.11418772       503.818817       0.00000000       4.27257828E-02  -2.38609165E-02  0.258446336    
   1916.58618       3050.29639       133.230499      -4.11068153       996.850464       0.00000000       2.68133152E-02  -2.87109371E-02  0.262303472    
   1450.80872       3058.51172       133.254654      -4.11007214       397.983643       0.00000000       3.52826230E-02  -2.12069508E-02  0.260502785    
   746.706909       3096.24536       133.291168      -4.10784531       317.717926       0.00000000       2.86399275E-02  -1.86613165E-02  0.262087524    
   1198.39331       3106.69775       133.267731      -4.10747766       111.472664       0.00000000       5.36844768E-02  -2.89401468E-02  0.258237302    
   74.4938507       3114.63916       133.326080      -4.10663891       317.979523       0.00000000       4.08224910E-02  -1.94400605E-02  0.260520786    
   780.847046       3130.87744       133.289398      -4.10606384       208.042709       0.00000000       3.88159826E-02  -3.86770330E-02  0.265714139    
   1141.11780       3193.04370       133.270676      -4.10298157       850.378418       0.00000000       2.91571785E-02  -2.27921885E-02  0.262872189    
   1665.55713       3318.04834       133.243454      -4.09671402       189.595016       0.00000000       3.82139422E-02  -1.79461427E-02  0.271165282    
   1842.38257       3333.59033       133.234299      -4.09598064       166.769501       0.00000000       3.50831896E-02  -3.19115818E-02  0.275165528    
   1962.92432       3348.80957       133.228043      -4.09524155       861.147888       0.00000000       2.53335088E-02  -2.85259541E-02  0.266829073    
   1870.13513       3357.70044       133.232849      -4.09474373       141.658508       0.00000000       1.59059726E-02  -2.62615271E-02  0.266149819    
   806.991394       3357.67139       133.287979      -4.09432220       144.123352       0.00000000       3.53356935E-02  -1.90090202E-02  0.270218134    
   1461.10754       3359.39014       133.254044      -4.09449100       115.232506       0.00000000       1.27893500E-02  -1.84707586E-02  0.266223907    
   987.732971       3376.75000       133.278595      -4.09340477       181.401855       0.00000000       5.61372042E-02  -2.48722211E-02  0.259106576    
   69.8504715       3410.89136       133.326248      -4.09128237       206.797836       0.00000000       3.53870057E-02  -2.03365833E-02  0.258600414    
   1224.81763       3574.22803       133.266266      -4.08327103       114.686035       0.00000000       2.46569291E-02  -1.85854472E-02  0.258509099    
   1251.76160       3611.23193       133.264847      -4.08136559       649.888184       0.00000000       3.27364244E-02  -2.07792912E-02  0.264580697    
   938.800171       3858.61523       133.281036      -4.06843090       811.102356       0.00000000       2.95494292E-02  -2.02427674E-02  0.267417908    
   772.001343       3844.06079       133.289688      -4.06911755       188.111603       0.00000000       3.20677049E-02  -3.05609442E-02  0.260429651    
   152.644318       4361.99023       133.321732      -4.04206133       299.456909       0.00000000       4.00942750E-02  -1.52493445E-02  0.267610967    
   819.643005       3780.38062       133.287231      -4.07243395       115.562233       0.00000000       3.60500664E-02  -4.71774628E-03  0.260911196    
   1155.60339       3704.62549       133.269821      -4.07649136       337.036896       0.00000000       3.14664990E-02  -1.27231367E-02  0.266126424    
   956.094360       3708.22827       133.280167      -4.07622433       189.077316       0.00000000       4.74599265E-02  -4.04703105E-03  0.261688888    
   1351.89380       3885.36011       133.259613      -4.06721544       745.135620       0.00000000       3.06876972E-02  -2.50339452E-02  0.264826447    
   918.942505       4300.07568       133.281982      -4.04557657       270.399750       0.00000000       2.76282355E-02  -2.66467966E-02  0.270495862    
   433.779755       4547.08496       133.307098      -4.03259897       988.945190       0.00000000       2.80411188E-02  -1.37520256E-02  0.262732714    
   1803.59448       3702.94214       133.236237      -4.07684422       181.584839       0.00000000       2.68925354E-02  -2.70933229E-02  0.267222345    
   1068.73743       3972.31396       133.274277      -4.06259871       230.377823       0.00000000       2.83390917E-02  -2.92263385E-02  0.259640515    
   1830.31458       4116.10840       133.234772      -4.05547857       133.512741       0.00000000       3.41926627E-02  -1.32609848E-02  0.283677369    
   1910.91357       4347.76514       133.230560      -4.04353380       288.582001       0.00000000       2.57581621E-02  -2.76328418E-02  0.271774441    
   324.495728       4408.90186       133.312805      -4.03970289       129.365372       0.00000000       3.39642540E-02  -1.44540295E-02  0.265737504    
   523.405701       4167.81396       133.302521      -4.05225849       138.134521       0.00000000       4.54416350E-02  -5.71758719E-03  0.271989703    
   505.732056       4222.04541       133.303436      -4.04944515       162.602676       0.00000000       3.75924967E-02  -2.70974333E-03  0.256577700    
   1396.57544       4087.53296       133.257248      -4.05677223       111.321632       0.00000000       1.43652763E-02  -9.84132569E-03  0.263975203    
   61.0085182       3699.40625       133.326645      -4.07633066       362.574860       0.00000000       3.93105075E-02  -6.62388606E-03  0.269070745    
   240.769211       4500.20703       133.317123      -4.03494549       152.419662       0.00000000       4.72238623E-02  -1.22191599E-02  0.259728432    
   393.691437       4021.17871       133.309296      -4.05979729       200.801727       0.00000000       2.17247158E-02  -3.34728770E-02  0.261476159    
   1158.06311       3948.86377       133.269638      -4.06384897       318.100311       0.00000000       2.51173340E-02  -2.26021316E-02  0.264985889    
   509.957550       3800.28003       133.303299      -4.07128048       258.555908       0.00000000       2.70204358E-02  -1.47776576E-02  0.258910656    
